m	135	326	10	10	0	0	3600s	100	1	4005
m	259	208	10	10	0	0	3600s	100	1	4005
m	352	323	10	10	0	0	3600s	100	1	4005
m	463	398	10	10	0	0	3600s	100	1	4005
m	245	389	10	10	0	0	3600s	100	1	4005
m	807	382	10	10	0	0	3600s	100	1	4005
m	999	195	10	10	0	0	3600s	100	1	4005
m	1122	320	10	10	0	0	3600s	100	1	4005
m	1126	450	10	10	0	0	3600s	100	1	4005
m	941	332	10	10	0	0	3600s	100	1	4005
m	337	903	10	10	0	0	3600s	100	1	4004
m	512	1044	10	10	0	0	3600s	100	1	4004
m	634	890	10	10	0	0	3600s	100	1	4004
m	580	775	10	10	0	0	3600s	100	1	4004
m	492	851	10	10	0	0	3600s	100	1	4004
