PAWN						S_PAWN						KNIGHT						S_KNIGHT					
Item	1	90	0.04	70102	1000	Item	1	90	0.031	70102	1000	Item	1	90	0.02	70102	1000	Item	1	90	0.02	70102	1000
Item	1	90	0.04	70104	1000	Item	1	90	0.031	70104	1000	Item	1	90	0.02	70104	1000	Item	1	90	0.02	70104	1000
Item	20	75	0.002	50007	1000	Item	20	75	0.01	50007	1000	Item	20	75	0.01	50007	1000	Item	20	75	0.01	50007	1000
Item	20	75	0.002	50013	1000	Item	20	75	0.01	50013	1000	Item	20	75	0.01	50013	1000	Item	20	75	0.01	50013	1000
Item	76	120	0.002	50006	1000	Item	76	120	0.01	50006	1000	Item	76	120	0.01	50006	1000	Item	76	120	0.01	50006	1000
Item	76	120	0.002	50012	1000	Item	76	120	0.01	50012	1000	Item	76	120	0.01	50012	1000	Item	76	120	0.01	50012	1000
Item	1	120	0.16	25040	1000	Item	1	120	0.16	25040	1000	Item	1	120	0.16	25040	1000	Item	1	120	0.16	25040	1000
Item	1	120	0.10	25100	1000	Item	1	120	0.10	25100	1000	Item	1	120	0.10	25100	1000	Item	1	120	0.10	25100	1000
Item	1	120	0.16	22010	1000	Item	1	120	0.16	22010	1000	Item	1	120	0.16	22010	1000	Item	1	120	0.16	22010	1000
Item	1	120	0.003	50301	100000	Item	1	120	0.003	50301	100000	Item	1	120	0.003	50301	100000	Item	1	120	0.003	50301	100000
Item	1	120	0.003	50302	100000	Item	1	120	0.003	50302	100000	Item	1	120	0.003	50302	100000	Item	1	120	0.003	50302	100000
Item	1	120	0.003	50303	100000	Item	1	120	0.003	50303	100000	Item	1	120	0.003	50303	100000	Item	1	120	0.003	50303	100000
Item	1	120	0.003	50304	200000	Item	1	120	0.003	50304	200000	Item	1	120	0.003	50304	200000	Item	1	120	0.003	50304	200000
Item	1	120	0.003	50305	200000	Item	1	120	0.003	50305	200000	Item	1	120	0.003	50305	200000	Item	1	120	0.003	50305	200000
Item	1	120	0.003	50306	200000	Item	1	120	0.003	50306	200000	Item	1	120	0.003	50306	200000	Item	1	120	0.003	50306	200000