0
300
800
1500
2500
4300
7200
11000
17000
24000
33000
43000
58000
76000
100000
130000
169000
219000
283000
365000
472000
610000
705000
813000
937000
1077000
1237000
1418000
1624000
1857000
2122000
2421000
2761000
3145000
3580000
4073000
4632000
5194000
5717000
6264000
6837000
7600000
8274000
8990000
9753000
10560000
11410000
12320000
13270000
14280000
15340000
16870000
18960000
19980000
21420000
22930000
24530000
26200000
27960000
29800000
32780000
36060000
39670000
43640000
48000000
52800000
58080000
63890000
70280000
77310000
85040000
93540000
102900000
113200000
124500000
137000000
150700000
165700000
236990000
260650000
286780000
315380000
346970000
381680000
419770000
461760000
508040000
558740000
614640000
676130000
743730000
1041222000
1145344200
1259878620
1385866482
1524453130
1676898443
1844588288
1929047116
2000000000
2020000000
2040000000
2060000000
2080000000
2090000000
2100000000
2110000000
2120000000
2130000000
2140000000
2150000000
2160000000
2170000000
2180000000
2190000000
2200000000
2210000000
2220000000
2230000000
2240000000
2250000000
2251500000
2253000000
2254500000
2256000000
2257500000
2259000000
2260500000
2262000000
2263500000
2265000000
2266500000
2268000000
2269500000
2271000000
2272500000
2274000000
2275500000
2277000000
2278500000
2280000000
2281800000
2283600000
2285400000
2287200000
2289000000
2290800000
2292600000
2294400000
2296200000
2298000000
2299800000
2301600000
2303400000
2305200000
2307000000
2308800000
2310600000
2312400000
2314200000
2316000000
2317800000
2319600000
2321400000
2323200000
2325000000
2326800000
2328600000
2330400000
2332200000
2334000000
2335800000
2337600000
2339400000
2341200000
2343000000
2344800000
2346600000
2348400000
2350200000
2352000000
2353800000
2355600000
2357400000
2359200000
2361000000
2362800000
2364600000
2366400000
2368200000
2370000000
2371800000
2373600000
2375400000
2377200000
2379000000
2380800000
2382600000
2384400000
2386200000
2388000000
2389800000
2391600000
2393400000
2395200000
2397000000
2398800000
2400600000
2402400000
2404200000
2406000000
2407800000
2409600000
2411400000
2413200000
2415000000
2416800000
2418600000
2420400000
2422200000
2424000000
2425800000
2427600000
2429400000
2431200000
2433000000
2434800000
2436600000
2438400000
2440200000
2442000000
2443800000
2445600000
2447400000
2449200000
2451000000
2452800000
2454600000
2456400000
2458200000
2460000000
2461800000
2463600000
2465400000
2467200000
2469000000
2470800000
2472600000
2474400000
2478000000
2500000000
2498300000
2504680000
2511060000
2517440000
2523820000
2530200000
2536580000
2542960000
2549340000
2555720000
2562100000
2568480000
2574860000
2581240000
2587620000
2594000000
2600380000
2606760000
2613140000
2619520000
2625900000
2632280000
2638660000
2645040000
2651420000
2657800000
2664180000
2670560000
2676940000
2683320000
2689700000
2696080000
2702460000
2708840000
2715220000
2721600000
2727980000
2734360000
2740740000
2747120000
2753500000
2759880000
2766260000
2772640000
2779020000
2785400000
2791780000
2798160000
2804540000
2810920000
2817300000
2823680000
2830060000
2836440000
2842820000
2849200000
2855580000
2861960000
2868340000
2874720000
2881100000
2887480000
2893860000
2900240000
2906620000
2913000000
2919380000
2925760000
2932140000
2938520000
2944900000
2951280000
2957660000
2964040000
2970420000
2976800000
2983180000
2989560000
2995940000
3002320000
3008700000
3015080000
3021460000
3027840000
3034220000
3040600000
3046980000
3053360000
3059740000
3066120000
3072500000
3078880000
3085260000
3091640000
3098020000
3104400000
3110780000
3117160000
3123540000
3129920000
3136300000
3142680000
3149060000
3155440000
3161820000
3168200000
3174580000
3180960000
3187340000
3193720000
3200100000
3206480000
3212860000
3219240000
3225620000
3232000000
3238380000
3244760000
3251140000
3257520000
3263900000
3270280000
3276660000
3283040000
3289420000
3295800000
3302180000
3308560000
3314940000
3321320000
3327700000
3334080000
3340460000
3346840000
3353220000
3359600000
3365980000
3372360000
3378740000
3385120000
3391500000
3397880000
3404260000
3410640000
3417020000
3423400000
3429780000
3436160000
3442540000
3448920000
3455300000
3461680000
3468060000
3474440000
3480820000
3487200000
3493580000
3499960000
3506340000
3512720000
3519100000
3525480000
3531860000
3538240000
3544620000
3551000000
3557380000
3563760000
3570140000
3576520000
3582900000
3589280000
3595660000
3602040000
3608420000
3614800000
3621180000
3627560000
3633940000
3640320000
3646700000
3653080000
3659460000
3665840000
3672220000
3678600000
3684980000
3691360000
3697740000
3704120000
3710500000
3716880000
3723260000
3729640000
3736020000
3742400000
3748780000
3755160000
3761540000
3767920000
3774300000
3780680000
3787060000
3793440000
3799820000
3806200000
3812580000
3818960000
3825340000
3831720000
3838100000
3844480000
3850860000
3857240000
3863620000
3870000000
3876380000
3882760000
3889140000
3895520000
3901900000
3908280000
3914660000
3921040000
3927420000
3933800000
3940180000
3946560000
3952940000
3959320000
3965700000
3972080000
3978460000
3984840000
3991220000
3997600000
4003980000
4010360000
4016740000
4023120000
4029500000
4035880000
4042260000
4048640000
4055020000
4061400000
4067780000
4074160000
4080540000
4086920000
4093300000
4099680000
4106060000
4112440000
4118820000
4125200000
4131580000
4137960000
4144340000
4150720000
4157100000
4163480000
4169860000
4176240000
4182620000
4189000000
4195380000
4201760000
4208140000
4214520000
4220900000
4227280000
4233660000
4240040000
4246420000
4252800000
4259180000
4265560000
4271940000
4278320000
4280700000
4291080000
4292967295
4293967295
0