0
150
400
750
1250
2150
3600
5500
8500
12000
16200
21500
29000
38000
50000
64500
84500
109500
141500
182500
236000
305000
352500
406500
468500
538500
618500
709000
812000
928500
1061000
1210950
1380500
1570476
1790000
2036650
2316000
2592600
2858500
3132000
3418200
3800000
4137000
4495000
4876500
5280000
5705000
6160000
6635000
7140000
7670000
8435000
9480000
9990000
10710000
11465000
12290000
13100000
13980000
14900000
16390000
18030000
19835000
21820000
24000000
26400000
29040000
31945000
35140000
38655000
42520000
46770000
51450000
56600000
60500000
68500000
75350000
82850000
118495000
130325000
143390000
157690000
173485000
190840000
209885000
230880000
254020000
279370000
307320000
338065000
371565000
520611000
572672100
629939310
692933240
762226564
838449221
922294143
1014523557
1025000000
1075000000
1105000000
1125000000
1140000000
1155000000