g	421	892	10	10	0	0	60s	100	1	6401
g	435	859	10	10	0	0	60s	100	1	6401
g	396	885	10	10	0	0	60s	100	1	6401
g	352	887	10	10	0	0	60s	100	1	6401
g	316	860	10	10	0	0	60s	100	1	6401
g	289	812	10	10	0	0	60s	100	1	6401
g	264	772	10	10	0	0	60s	100	1	6401
g	220	745	10	10	0	0	60s	100	1	6401
g	194	709	10	10	0	0	60s	100	1	6401
g	467	819	10	10	0	0	60s	100	1	6401
g	499	796	10	10	0	0	60s	100	1	6401
g	541	776	10	10	0	0	60s	100	1	6401
g	569	761	10	10	0	0	60s	100	1	6401
g	577	675	10	10	0	0	60s	100	1	6401
g	596	621	10	10	0	0	60s	100	1	6401
g	601	577	10	10	0	0	60s	100	1	6401
g	564	553	10	10	0	0	60s	100	1	6401
g	545	542	10	10	0	0	60s	100	1	6401
g	526	532	10	10	0	0	60s	100	1	6401
g	623	573	10	10	0	0	60s	100	1	6401
g	622	590	10	10	0	0	60s	100	1	6401
g	586	733	10	10	0	0	60s	100	1	6401
g	594	767	10	10	0	0	60s	100	1	6401
g	590	774	10	10	0	0	60s	100	1	6401
g	549	788	10	10	0	0	60s	100	1	6401
g	556	738	10	10	0	0	60s	100	1	6401
g	185	638	10	10	0	0	60s	100	1	6401
g	154	612	10	10	0	0	60s	100	1	6401
g	142	612	10	10	0	0	60s	100	1	6401
g	187	676	10	10	0	0	60s	100	1	6401
g	172	689	10	10	0	0	60s	100	1	6401
g	160	677	10	10	0	0	60s	100	1	6401
g	327	883	10	10	0	0	60s	100	1	6401
g	347	891	10	10	0	0	60s	100	1	6401
g	404	900	10	10	0	0	60s	100	1	6402
g	421	875	10	10	0	0	60s	100	1	6402
g	372	892	10	10	0	0	60s	100	1	6402
g	320	866	10	10	0	0	60s	100	1	6402
g	299	813	10	10	0	0	60s	100	1	6402
g	256	775	10	10	0	0	60s	100	1	6402
g	244	745	10	10	0	0	60s	100	1	6402
g	212	694	10	10	0	0	60s	100	1	6402
g	213	672	10	10	0	0	60s	100	1	6402
g	208	634	10	10	0	0	60s	100	1	6402
g	195	617	10	10	0	0	60s	100	1	6402
g	160	597	10	10	0	0	60s	100	1	6402
g	150	614	10	10	0	0	60s	100	1	6402
g	164	642	10	10	0	0	60s	100	1	6402
g	170	645	10	10	0	0	60s	100	1	6402
g	202	655	10	10	0	0	60s	100	1	6402
g	224	628	10	10	0	0	60s	100	1	6402
g	224	628	10	10	0	0	60s	100	1	6402
g	222	677	10	10	0	0	60s	100	1	6402
g	538	724	10	10	0	0	60s	100	1	6402
g	552	718	10	10	0	0	60s	100	1	6402
g	568	717	10	10	0	0	60s	100	1	6402
g	588	750	10	10	0	0	60s	100	1	6402
g	591	765	10	10	0	0	60s	100	1	6402
g	577	776	10	10	0	0	60s	100	1	6402
g	554	779	10	10	0	0	60s	100	1	6402
g	543	760	10	10	0	0	60s	100	1	6402
g	571	741	10	10	0	0	60s	100	1	6402
g	587	702	10	10	0	0	60s	100	1	6402
g	588	716	10	10	0	0	60s	100	1	6402
g	593	662	10	10	0	0	60s	100	1	6402
g	593	661	10	10	0	0	60s	100	1	6402
g	601	634	10	10	0	0	60s	100	1	6402
g	611	610	10	10	0	0	60s	100	1	6402
g	614	601	10	10	0	0	60s	100	1	6402
g	612	574	10	10	0	0	60s	100	1	6402
g	601	542	10	10	0	0	60s	100	1	6402
g	575	546	10	10	0	0	60s	100	1	6402
g	553	546	10	10	0	0	60s	100	1	6402
g	546	525	10	10	0	0	60s	100	1	6402
g	542	518	10	10	0	0	60s	100	1	6402
g	493	529	10	10	0	0	60s	100	1	6402
g	511	539	10	10	0	0	60s	100	1	6402
g	561	567	10	10	0	0	60s	100	1	6402
g	570	583	10	10	0	0	60s	100	1	6402
g	560	505	10	10	0	0	60s	100	1	6402
g	583	487	10	10	0	0	60s	100	1	6402
g	595	474	10	10	0	0	60s	100	1	6402
g	607	450	10	10	0	0	60s	100	1	6402
g	612	436	10	10	0	0	60s	100	1	6402
g	604	413	10	10	0	0	60s	100	1	6402
g	605	395	10	10	0	0	60s	100	1	6402
g	610	392	10	10	0	0	60s	100	1	6402
g	135	571	10	10	0	0	60s	100	1	6402
g	125	545	10	10	0	0	60s	100	1	6402
g	120	526	10	10	0	0	60s	100	1	6402
g	114	502	10	10	0	0	60s	100	1	6402
g	108	491	10	10	0	0	60s	100	1	6402
g	103	464	10	10	0	0	60s	100	1	6402
g	102	450	10	10	0	0	60s	100	1	6402
g	167	458	10	10	0	0	60s	100	1	6402
g	211	474	10	10	0	0	60s	100	1	6402
g	235	484	10	10	0	0	60s	100	1	6402
g	267	484	10	10	0	0	60s	100	1	6402
g	290	475	10	10	0	0	60s	100	1	6402
g	309	441	10	10	0	0	60s	100	1	6402
g	312	420	10	10	0	0	60s	100	1	6402
g	313	379	10	10	0	0	60s	100	1	6402
g	316	341	10	10	0	0	60s	100	1	6402
g	295	297	10	10	0	0	60s	100	1	6402
g	294	296	10	10	0	0	60s	100	1	6402
g	333	351	10	10	0	0	60s	100	1	6402
g	357	358	10	10	0	0	60s	100	1	6402
g	392	365	10	10	0	0	60s	100	1	6402
g	403	382	10	10	0	0	60s	100	1	6402
g	403	405	10	10	0	0	60s	100	1	6402
g	373	419	10	10	0	0	60s	100	1	6402
g	316	440	10	10	0	0	60s	100	1	6402
g	426	416	10	10	0	0	60s	100	1	6402
g	470	413	10	10	0	0	60s	100	1	6402
g	486	413	10	10	0	0	60s	100	1	6402
g	499	399	10	10	0	0	60s	100	1	6402
g	507	362	10	10	0	0	60s	100	1	6402
g	488	348	10	10	0	0	60s	100	1	6402
g	479	347	10	10	0	0	60s	100	1	6402
g	418	366	10	10	0	0	60s	100	1	6402
g	413	380	10	10	0	0	60s	100	1	6402
g	541	347	10	10	0	0	60s	100	1	6402
g	587	354	10	10	0	0	60s	100	1	6402
g	629	369	10	10	0	0	60s	100	1	6402
g	649	390	10	10	0	0	60s	100	1	6402
g	657	405	10	10	0	0	60s	100	1	6402
g	653	412	10	10	0	0	60s	100	1	6402
g	644	414	10	10	0	0	60s	100	1	6402
g	649	389	10	10	0	0	60s	100	1	6403
g	639	371	10	10	0	0	60s	100	1	6403
g	614	359	10	10	0	0	60s	100	1	6403
g	583	356	10	10	0	0	60s	100	1	6403
g	551	358	10	10	0	0	60s	100	1	6403
g	528	349	10	10	0	0	60s	100	1	6403
g	496	345	10	10	0	0	60s	100	1	6403
g	485	348	10	10	0	0	60s	100	1	6403
g	439	358	10	10	0	0	60s	100	1	6403
g	418	369	10	10	0	0	60s	100	1	6403
g	409	405	10	10	0	0	60s	100	1	6403
g	476	426	10	10	0	0	60s	100	1	6403
g	500	407	10	10	0	0	60s	100	1	6403
g	512	385	10	10	0	0	60s	100	1	6403
g	493	363	10	10	0	0	60s	100	1	6403
g	442	355	10	10	0	0	60s	100	1	6403
g	414	412	10	10	0	0	60s	100	1	6403
g	438	417	10	10	0	0	60s	100	1	6403
g	386	426	10	10	0	0	60s	100	1	6403
g	335	427	10	10	0	0	60s	100	1	6403
g	319	420	10	10	0	0	60s	100	1	6403
g	313	351	10	10	0	0	60s	100	1	6403
g	314	313	10	10	0	0	60s	100	1	6403
g	296	301	10	10	0	0	60s	100	1	6403
g	306	453	10	10	0	0	60s	100	1	6403
g	277	481	10	10	0	0	60s	100	1	6403
g	246	491	10	10	0	0	60s	100	1	6403
g	230	484	10	10	0	0	60s	100	1	6403
g	215	470	10	10	0	0	60s	100	1	6403
g	181	468	10	10	0	0	60s	100	1	6403
g	161	453	10	10	0	0	60s	100	1	6403
g	124	447	10	10	0	0	60s	100	1	6403
g	108	448	10	10	0	0	60s	100	1	6403
g	85	430	10	10	0	0	60s	100	1	6403
g	88	405	10	10	0	0	60s	100	1	6403
g	92	388	10	10	0	0	60s	100	1	6403
g	95	402	10	10	0	0	60s	100	1	6403
g	111	426	10	10	0	0	60s	100	1	6403
g	145	444	10	10	0	0	60s	100	1	6403
g	157	451	10	10	0	0	60s	100	1	6403
g	99	386	10	10	0	0	60s	100	1	6403
g	98	363	10	10	0	0	60s	100	1	6403
g	102	352	10	10	0	0	60s	100	1	6403
g	94	324	10	10	0	0	60s	100	1	6403
g	83	296	10	10	0	0	60s	100	1	6403
g	84	276	10	10	0	0	60s	100	1	6403
g	80	245	10	10	0	0	60s	100	1	6403
g	87	218	10	10	0	0	60s	100	1	6403
g	103	223	10	10	0	0	60s	100	1	6403
g	102	250	10	10	0	0	60s	100	1	6403
g	107	317	10	10	0	0	60s	100	1	6403
g	140	304	10	10	0	0	60s	100	1	6403
g	164	289	10	10	0	0	60s	100	1	6403
g	209	274	10	10	0	0	60s	100	1	6403
g	241	266	10	10	0	0	60s	100	1	6403
g	272	260	10	10	0	0	60s	100	1	6403
g	289	272	10	10	0	0	60s	100	1	6403
g	296	290	10	10	0	0	60s	100	1	6403
g	276	228	10	10	0	0	60s	100	1	6403
g	297	211	10	10	0	0	60s	100	1	6403
g	324	199	10	10	0	0	60s	100	1	6403
g	339	191	10	10	0	0	60s	100	1	6403
g	362	144	10	10	0	0	60s	100	1	6403
g	379	117	10	10	0	0	60s	100	1	6403
g	403	92	10	10	0	0	60s	100	1	6403
g	405	92	10	10	0	0	60s	100	1	6403
g	328	129	10	10	0	0	60s	100	1	6403
g	296	133	10	10	0	0	60s	100	1	6403
g	259	134	10	10	0	0	60s	100	1	6403
g	238	132	10	10	0	0	60s	100	1	6403
g	368	160	10	10	0	0	60s	100	1	6403
g	396	140	10	10	0	0	60s	100	1	6403
g	371	153	10	10	0	0	60s	100	1	6403
g	351	115	10	10	0	0	60s	100	1	6403
g	362	106	10	10	0	0	60s	100	1	6403
g	527	76	10	10	0	0	60s	100	1	6403
g	569	75	10	10	0	0	60s	100	1	6403
g	600	78	10	10	0	0	60s	100	1	6403
g	577	69	10	10	0	0	60s	100	1	6403
g	537	76	10	10	0	0	60s	100	1	6403
g	556	81	10	10	0	0	60s	100	1	6403
g	592	68	10	10	0	0	60s	100	1	6404
g	590	78	10	10	0	0	60s	100	1	6404
g	578	85	10	10	0	0	60s	100	1	6404
g	559	72	10	10	0	0	60s	100	1	6404
g	534	69	10	10	0	0	60s	100	1	6404
g	527	71	10	10	0	0	60s	100	1	6404
g	491	76	10	10	0	0	60s	100	1	6404
g	474	76	10	10	0	0	60s	100	1	6404
g	451	76	10	10	0	0	60s	100	1	6404
g	414	78	10	10	0	0	60s	100	1	6404
g	391	83	10	10	0	0	60s	100	1	6404
g	367	93	10	10	0	0	60s	100	1	6404
g	344	115	10	10	0	0	60s	100	1	6404
g	341	147	10	10	0	0	60s	100	1	6404
g	344	170	10	10	0	0	60s	100	1	6404
g	389	156	10	10	0	0	60s	100	1	6404
g	397	123	10	10	0	0	60s	100	1	6404
g	367	103	10	10	0	0	60s	100	1	6404
g	332	132	10	10	0	0	60s	100	1	6404
g	331	137	10	10	0	0	60s	100	1	6404
g	333	182	10	10	0	0	60s	100	1	6404
g	316	209	10	10	0	0	60s	100	1	6404
g	309	216	10	10	0	0	60s	100	1	6404
g	282	240	10	10	0	0	60s	100	1	6404
g	275	249	10	10	0	0	60s	100	1	6404
g	292	289	10	10	0	0	60s	100	1	6404
g	309	327	10	10	0	0	60s	100	1	6404
g	315	372	10	10	0	0	60s	100	1	6404
g	318	423	10	10	0	0	60s	100	1	6404
g	301	455	10	10	0	0	60s	100	1	6404
g	150	461	10	10	0	0	60s	100	1	6404
g	103	458	10	10	0	0	60s	100	1	6404
g	97	416	10	10	0	0	60s	100	1	6404
g	99	359	10	10	0	0	60s	100	1	6404
g	100	321	10	10	0	0	60s	100	1	6404
g	94	270	10	10	0	0	60s	100	1	6404
g	97	222	10	10	0	0	60s	100	1	6404
g	118	226	10	10	0	0	60s	100	1	6404
g	101	240	10	10	0	0	60s	100	1	6404
g	88	242	10	10	0	0	60s	100	1	6404
g	108	311	10	10	0	0	60s	100	1	6404
g	165	297	10	10	0	0	60s	100	1	6404
g	189	290	10	10	0	0	60s	100	1	6404
g	214	273	10	10	0	0	60s	100	1	6404
g	254	239	10	10	0	0	60s	100	1	6404
g	269	249	10	10	0	0	60s	100	1	6404
g	254	287	10	10	0	0	60s	100	1	6404
g	202	298	10	10	0	0	60s	100	1	6404
g	224	257	10	10	0	0	60s	100	1	6404
g	284	308	10	10	0	0	60s	100	1	6404
g	313	359	10	10	0	0	60s	100	1	6404
g	313	400	10	10	0	0	60s	100	1	6404
g	312	414	10	10	0	0	60s	100	1	6404
g	366	436	10	10	0	0	60s	100	1	6404
g	402	413	10	10	0	0	60s	100	1	6404
g	402	368	10	10	0	0	60s	100	1	6404
g	479	334	10	10	0	0	60s	100	1	6404
g	513	345	10	10	0	0	60s	100	1	6404
g	476	429	10	10	0	0	60s	100	1	6404
g	434	461	10	10	0	0	60s	100	1	6404
g	403	427	10	10	0	0	60s	100	1	6404
g	344	107	10	10	0	0	60s	100	1	6404
g	331	146	10	10	0	0	60s	100	1	6404
g	354	156	10	10	0	0	60s	100	1	6404
g	374	144	10	10	0	0	60s	100	1	6404
g	385	119	10	10	0	0	60s	100	1	6404
g	344	134	10	10	0	0	60s	100	1	6404
g	300	123	10	10	0	0	60s	100	1	6404
g	272	130	10	10	0	0	60s	100	1	6404
g	261	126	10	10	0	0	60s	100	1	6404
g	257	132	10	10	0	0	60s	100	1	6404
g	400	123	10	10	0	0	60s	100	1	6404
g	408	107	10	10	0	0	60s	100	1	6404
g	419	98	10	10	0	0	60s	100	1	6404
g	458	82	10	10	0	0	60s	100	1	6404
g	474	79	10	10	0	0	60s	100	1	6404
g	508	76	10	10	0	0	60s	100	1	6404
g	534	79	10	10	0	0	60s	100	1	6404
g	607	352	10	10	0	0	60s	100	1	6404
g	594	351	10	10	0	0	60s	100	1	6404
g	603	371	10	10	0	0	60s	100	1	6404
g	626	392	10	10	0	0	60s	100	1	6404
g	633	412	10	10	0	0	60s	100	1	6404
g	469	356	10	10	0	0	60s	100	1	6404
g	461	355	10	10	0	0	60s	100	1	6404
g	412	378	10	10	0	0	60s	100	1	6404
g	404	393	10	10	0	0	60s	100	1	6404
g	404	400	10	10	0	0	60s	100	1	6404
