m	309	798	10	10	0	0	180s	100	1	1501
m	108	758	10	10	0	0	180s	100	1	1501
m	144	656	10	10	0	0	180s	100	1	1501
m	144	516	10	10	0	0	180s	100	1	1501
m	81	574	10	10	0	0	180s	100	1	1501
m	548	893	10	10	0	0	180s	100	1	1502
m	634	726	10	10	0	0	180s	100	1	1502
m	449	543	10	10	0	0	180s	100	1	1502
m	210	520	10	10	0	0	180s	100	1	1503
m	62	826	10	10	0	0	180s	100	1	1503
m	112	942	10	10	0	0	180s	100	1	1503
m	71	638	10	10	0	0	180s	100	1	1503
m	805	645	10	10	0	0	180s	100	1	1503
m	934	588	10	10	0	0	180s	100	1	1503
m	909	672	10	10	0	0	180s	100	1	1503
m	176	843	10	10	0	0	1800s	100	1	2192
g	852	358	10	10	0	0	1800s	100	1	2110
g	61	570	10	10	0	0	1800s	100	1	1311