r	94	269	10	10	0	0	5s	100	1	4000
r	162	270	10	10	0	0	5s	100	1	4000
r	160	322	10	10	0	0	5s	100	1	4000
r	92	323	10	10	0	0	5s	100	1	4000
r	102	261	10	10	0	0	5s	100	1	4001
r	167	280	10	10	0	0	5s	100	1	4001
r	148	328	10	10	0	0	5s	100	1	4001
r	87	312	10	10	0	0	5s	100	1	4001
r	114	258	10	10	0	0	5s	100	1	4002
r	167	290	10	10	0	0	5s	100	1	4002
r	135	331	10	10	0	0	5s	100	1	4002
r	86	301	10	10	0	0	5s	100	1	4002
r	85	291	10	10	0	0	5s	100	1	4003
r	130	256	10	10	0	0	5s	100	1	4003
r	166	300	10	10	0	0	5s	100	1	4003
r	121	330	10	10	0	0	5s	100	1	4003
r	145	258	10	10	0	0	5s	100	1	4004
r	164	308	10	10	0	0	5s	100	1	4004
r	108	328	10	10	0	0	5s	100	1	4004
r	88	281	10	10	0	0	5s	100	1	4004
r	90	274	10	10	0	0	5s	100	1	4005
r	156	264	10	10	0	0	5s	100	1	4005
r	161	313	10	10	0	0	5s	100	1	4005
r	99	327	10	10	0	0	5s	100	1	4005
r	127	272	10	10	0	0	5s	100	1	4000
r	137	274	10	10	0	0	5s	100	1	4001
r	127	311	10	10	0	0	5s	100	1	4000
r	117	306	10	10	0	0	5s	100	1	4001
r	111	298	10	10	0	0	5s	100	1	4002
r	143	281	10	10	0	0	5s	100	1	4002
r	129	281	10	10	0	0	5s	100	1	4003
r	137	288	10	10	0	0	5s	100	1	4004
r	133	298	10	10	0	0	5s	100	1	4005
r	125	300	10	10	0	0	5s	100	1	4003
r	117	293	10	10	0	0	5s	100	1	4004
r	121	286	10	10	0	0	5s	100	1	4005
r	98	296	10	10	0	0	5s	100	1	4000
r	106	283	10	10	0	0	5s	100	1	4001
r	115	272	10	10	0	0	5s	100	1	4002
r	151	290	10	10	0	0	5s	100	1	4000
r	148	298	10	10	0	0	5s	100	1	4001
r	138	310	10	10	0	0	5s	100	1	4002
