r	124	309	10	10	0	0	5s	100	1	3983
r	121	328	10	10	0	0	5s	100	1	3983
r	126	343	10	10	0	0	5s	100	1	3983
r	141	312	10	10	0	0	5s	100	1	3983
r	144	328	10	10	0	0	5s	100	1	3983
r	138	342	10	10	0	0	5s	100	1	3983
r	109	319	10	10	0	0	5s	100	1	3983
r	151	377	10	10	0	0	5s	100	1	3983
r	162	288	10	10	0	0	5s	100	1	3983
r	188	263	10	10	0	0	5s	100	1	3983
r	195	251	10	10	0	0	5s	100	1	3983
r	222	253	10	10	0	0	5s	100	1	3983
r	238	195	10	10	0	0	5s	100	1	3983
r	237	220	10	10	0	0	5s	100	1	3983
r	257	201	10	10	0	0	5s	100	1	3983
r	271	227	10	10	0	0	5s	100	1	3983
r	252	215	10	10	0	0	5s	100	1	3983
r	245	250	10	10	0	0	5s	100	1	3983
r	265	249	10	10	0	0	5s	100	1	3983
r	251	234	10	10	0	0	5s	100	1	3983
r	250	297	10	10	0	0	5s	100	1	3983
r	245	337	10	10	0	0	5s	100	1	3983
r	223	354	10	10	0	0	5s	100	1	3983
r	211	411	10	10	0	0	5s	100	1	3983
r	227	402	10	10	0	0	5s	100	1	3983
r	276	384	10	10	0	0	5s	100	1	3983
r	305	409	10	10	0	0	5s	100	1	3983
r	312	394	10	10	0	0	5s	100	1	3983
r	325	316	10	10	0	0	5s	100	1	3983
r	339	347	10	10	0	0	5s	100	1	3983
r	369	339	10	10	0	0	5s	100	1	3983
r	354	314	10	10	0	0	5s	100	1	3983
r	352	333	10	10	0	0	5s	100	1	3983
r	340	320	10	10	0	0	5s	100	1	3983
r	351	284	10	10	0	0	5s	100	1	3983
r	351	254	10	10	0	0	5s	100	1	3983
r	344	220	10	10	0	0	5s	100	1	3983
r	312	210	10	10	0	0	5s	100	1	3983
r	282	207	10	10	0	0	5s	100	1	3983
r	396	200	10	10	0	0	5s	100	1	3983
r	396	226	10	10	0	0	5s	100	1	3983
r	416	213	10	10	0	0	5s	100	1	3983
r	419	241	10	10	0	0	5s	100	1	3983
r	441	276	10	10	0	0	5s	100	1	3983
r	457	322	10	10	0	0	5s	100	1	3983
r	474	326	10	10	0	0	5s	100	1	3983
r	459	366	10	10	0	0	5s	100	1	3983
r	468	391	10	10	0	0	5s	100	1	3983
r	467	411	10	10	0	0	5s	100	1	3983
r	448	389	10	10	0	0	5s	100	1	3983
r	418	396	10	10	0	0	5s	100	1	3983
r	424	373	10	10	0	0	5s	100	1	3983
r	407	381	10	10	0	0	5s	100	1	3983
r	389	352	10	10	0	0	5s	100	1	3983
r	339	367	10	10	0	0	5s	100	1	3983
r	167	353	10	10	0	0	5s	100	1	3983
r	457	346	10	10	0	0	5s	100	1	3983
r	416	224	10	10	0	0	5s	100	1	3983
r	482	408	10	10	0	0	5s	100	1	3983
r	1112	454	10	10	0	0	5s	100	1	3983
r	1132	457	10	10	0	0	5s	100	1	3983
r	1135	429	10	10	0	0	5s	100	1	3983
r	1064	421	10	10	0	0	5s	100	1	3983
r	1031	421	10	10	0	0	5s	100	1	3983
r	1008	385	10	10	0	0	5s	100	1	3983
r	1020	337	10	10	0	0	5s	100	1	3983
r	1043	335	10	10	0	0	5s	100	1	3983
r	1040	310	10	10	0	0	5s	100	1	3983
r	1062	304	10	10	0	0	5s	100	1	3983
r	1058	321	10	10	0	0	5s	100	1	3983
r	1078	328	10	10	0	0	5s	100	1	3983
r	1099	311	10	10	0	0	5s	100	1	3983
r	1144	324	10	10	0	0	5s	100	1	3983
r	1113	337	10	10	0	0	5s	100	1	3983
r	1139	395	10	10	0	0	5s	100	1	3983
r	1121	271	10	10	0	0	5s	100	1	3983
r	1127	220	10	10	0	0	5s	100	1	3983
r	1101	224	10	10	0	0	5s	100	1	3983
r	1115	234	10	10	0	0	5s	100	1	3983
r	1055	218	10	10	0	0	5s	100	1	3983
r	1020	229	10	10	0	0	5s	100	1	3983
r	1002	235	10	10	0	0	5s	100	1	3983
r	1003	210	10	10	0	0	5s	100	1	3983
r	1009	181	10	10	0	0	5s	100	1	3983
r	991	165	10	10	0	0	5s	100	1	3983
r	986	189	10	10	0	0	5s	100	1	3983
r	979	215	10	10	0	0	5s	100	1	3983
r	952	229	10	10	0	0	5s	100	1	3983
r	925	218	10	10	0	0	5s	100	1	3983
r	934	233	10	10	0	0	5s	100	1	3983
r	956	202	10	10	0	0	5s	100	1	3983
r	934	279	10	10	0	0	5s	100	1	3983
r	916	305	10	10	0	0	5s	100	1	3983
r	912	335	10	10	0	0	5s	100	1	3983
r	933	354	10	10	0	0	5s	100	1	3983
r	934	322	10	10	0	0	5s	100	1	3983
r	947	300	10	10	0	0	5s	100	1	3983
r	951	331	10	10	0	0	5s	100	1	3983
r	990	326	10	10	0	0	5s	100	1	3983
r	876	338	10	10	0	0	5s	100	1	3983
r	944	314	10	10	0	0	5s	100	1	3983
r	839	349	10	10	0	0	5s	100	1	3983
r	862	376	10	10	0	0	5s	100	1	3983
r	844	370	10	10	0	0	5s	100	1	3983
r	806	392	10	10	0	0	5s	100	1	3983
r	788	396	10	10	0	0	5s	100	1	3983
r	805	375	10	10	0	0	5s	100	1	3983
r	813	342	10	10	0	0	5s	100	1	3983
r	846	318	10	10	0	0	5s	100	1	3983
r	828	296	10	10	0	0	5s	100	1	3983
r	832	255	10	10	0	0	5s	100	1	3983
r	850	227	10	10	0	0	5s	100	1	3983
r	1079	214	10	10	0	0	5s	100	1	3983
r	988	202	10	10	0	0	5s	100	1	3983
r	1047	434	10	10	0	0	5s	100	1	3983
r	1027	356	10	10	0	0	5s	100	1	3983
r	593	766	10	10	0	0	5s	100	1	3984
r	577	786	10	10	0	0	5s	100	1	3984
r	591	787	10	10	0	0	5s	100	1	3984
r	538	821	10	10	0	0	5s	100	1	3984
r	508	836	10	10	0	0	5s	100	1	3984
r	480	845	10	10	0	0	5s	100	1	3984
r	483	866	10	10	0	0	5s	100	1	3984
r	515	850	10	10	0	0	5s	100	1	3984
r	536	857	10	10	0	0	5s	100	1	3984
r	513	874	10	10	0	0	5s	100	1	3984
r	539	878	10	10	0	0	5s	100	1	3984
r	552	854	10	10	0	0	5s	100	1	3984
r	527	894	10	10	0	0	5s	100	1	3984
r	615	868	10	10	0	0	5s	100	1	3984
r	613	895	10	10	0	0	5s	100	1	3984
r	618	922	10	10	0	0	5s	100	1	3984
r	640	931	10	10	0	0	5s	100	1	3984
r	637	901	10	10	0	0	5s	100	1	3984
r	655	894	10	10	0	0	5s	100	1	3984
r	646	871	10	10	0	0	5s	100	1	3984
r	629	874	10	10	0	0	5s	100	1	3984
r	631	817	10	10	0	0	5s	100	1	3984
r	652	845	10	10	0	0	5s	100	1	3984
r	690	945	10	10	0	0	5s	100	1	3984
r	671	991	10	10	0	0	5s	100	1	3984
r	640	1004	10	10	0	0	5s	100	1	3984
r	622	1033	10	10	0	0	5s	100	1	3984
r	581	1019	10	10	0	0	5s	100	1	3984
r	557	1051	10	10	0	0	5s	100	1	3984
r	549	1027	10	10	0	0	5s	100	1	3984
r	509	1022	10	10	0	0	5s	100	1	3984
r	481	1019	10	10	0	0	5s	100	1	3984
r	489	1050	10	10	0	0	5s	100	1	3984
r	517	1065	10	10	0	0	5s	100	1	3984
r	525	1037	10	10	0	0	5s	100	1	3984
r	497	1033	10	10	0	0	5s	100	1	3984
r	570	977	10	10	0	0	5s	100	1	3984
r	601	957	10	10	0	0	5s	100	1	3984
r	451	1010	10	10	0	0	5s	100	1	3984
r	417	1037	10	10	0	0	5s	100	1	3984
r	388	1034	10	10	0	0	5s	100	1	3984
r	388	1011	10	10	0	0	5s	100	1	3984
r	344	1004	10	10	0	0	5s	100	1	3984
r	360	978	10	10	0	0	5s	100	1	3984
r	419	912	10	10	0	0	5s	100	1	3984
r	435	934	10	10	0	0	5s	100	1	3984
r	437	910	10	10	0	0	5s	100	1	3984
r	389	863	10	10	0	0	5s	100	1	3984
r	346	858	10	10	0	0	5s	100	1	3984
r	315	872	10	10	0	0	5s	100	1	3984
r	287	901	10	10	0	0	5s	100	1	3984
r	286	934	10	10	0	0	5s	100	1	3984
r	311	907	10	10	0	0	5s	100	1	3984
r	322	885	10	10	0	0	5s	100	1	3984
r	350	908	10	10	0	0	5s	100	1	3984
r	330	911	10	10	0	0	5s	100	1	3984
r	345	886	10	10	0	0	5s	100	1	3984
r	633	957	10	10	0	0	5s	100	1	3984
r	424	873	10	10	0	0	5s	100	1	3984
r	394	840	10	10	0	0	5s	100	1	3984
r	429	845	10	10	0	0	5s	100	1	3984
r	406	1017	10	10	0	0	5s	100	1	3984
r	557	799	10	10	0	0	5s	100	1	3984
r	581	757	10	10	0	0	5s	100	1	3984
r	417	929	10	10	0	0	5s	100	1	3984
r	410	956	10	10	0	0	5s	100	1	3984
r	363	995	10	10	0	0	5s	100	1	3984
r	388	980	10	10	0	0	5s	100	1	3984
r	561	874	10	10	0	0	5s	100	1	3984
r	585	870	10	10	0	0	5s	100	1	3984
r	408	854	10	10	0	0	5s	100	1	3984
r	669	847	10	10	0	0	5s	100	1	3984
