m	362	322	10	10	0	0	3600s	100	1	4000
m	262	211	10	10	0	0	3600s	100	1	4000
m	134	329	10	10	0	0	3600s	100	1	4000
m	221	413	10	10	0	0	3600s	100	1	4000
m	458	391	10	10	0	0	3600s	100	1	4000
m	802	388	10	10	0	0	3600s	100	1	4000
m	927	320	10	10	0	0	3600s	100	1	4000
m	976	198	10	10	0	0	3600s	100	1	4000
m	1058	316	10	10	0	0	3600s	100	1	4000
m	1132	452	10	10	0	0	3600s	100	1	4000
m	515	1021	10	10	0	0	3600s	100	1	4003
m	383	986	10	10	0	0	3600s	100	1	4003
m	523	870	10	10	0	0	3600s	100	1	4003
m	577	772	10	10	0	0	3600s	100	1	4003
m	648	907	10	10	0	0	3600s	100	1	4003
