m	561	593	10	10	0	0	15s	100	1	8137
m	586	591	10	10	0	0	15s	100	1	8137
m	594	569	10	10	0	0	15s	100	1	8137
m	615	559	10	10	0	0	15s	100	1	8137
m	616	591	10	10	0	0	15s	100	1	8137
m	606	611	10	10	0	0	15s	100	1	8137
m	598	642	10	10	0	0	15s	100	1	8137
m	572	570	10	10	0	0	15s	100	1	8137
m	559	549	10	10	0	0	15s	100	1	8137
m	563	509	10	10	0	0	15s	100	1	8137
m	522	521	10	10	0	0	15s	100	1	8137
m	540	544	10	10	0	0	15s	100	1	8137
m	501	545	10	10	0	0	15s	100	1	8137
m	499	528	10	10	0	0	15s	100	1	8137
m	525	548	10	10	0	0	15s	100	1	8137
m	552	524	10	10	0	0	15s	100	1	8137
m	624	570	10	10	0	0	15s	100	1	8137
m	230	640	10	10	0	0	15s	100	1	8137
m	207	618	10	10	0	0	15s	100	1	8137
m	178	600	10	10	0	0	15s	100	1	8137
m	150	614	10	10	0	0	15s	100	1	8137
m	180	621	10	10	0	0	15s	100	1	8137
m	185	647	10	10	0	0	15s	100	1	8137
m	156	641	10	10	0	0	15s	100	1	8137
m	171	668	10	10	0	0	15s	100	1	8137
m	153	692	10	10	0	0	15s	100	1	8137
m	178	700	10	10	0	0	15s	100	1	8137
m	217	708	10	10	0	0	15s	100	1	8137
m	214	673	10	10	0	0	15s	100	1	8137
m	195	691	10	10	0	0	15s	100	1	8137
m	210	650	10	10	0	0	15s	100	1	8137
m	219	742	10	10	0	0	15s	100	1	8137
m	234	748	10	10	0	0	15s	100	1	8137
m	244	777	10	10	0	0	15s	100	1	8137
m	277	783	10	10	0	0	15s	100	1	8137
m	286	810	10	10	0	0	15s	100	1	8137
m	471	821	10	10	0	0	15s	100	1	8137
m	506	796	10	10	0	0	15s	100	1	8137
m	554	793	10	10	0	0	15s	100	1	8137
m	548	766	10	10	0	0	15s	100	1	8137
m	552	724	10	10	0	0	15s	100	1	8137
m	580	720	10	10	0	0	15s	100	1	8137
m	582	758	10	10	0	0	15s	100	1	8137
m	564	744	10	10	0	0	15s	100	1	8137
m	586	773	10	10	0	0	15s	100	1	8137
m	537	746	10	10	0	0	15s	100	1	8137
m	116	496	10	10	0	0	15s	100	1	8137
m	131	459	10	10	0	0	15s	100	1	8137
m	105	438	10	10	0	0	15s	100	1	8137
m	76	426	10	10	0	0	15s	100	1	8137
m	93	389	10	10	0	0	15s	100	1	8137
m	105	359	10	10	0	0	15s	100	1	8137
m	104	313	10	10	0	0	15s	100	1	8137
m	85	291	10	10	0	0	15s	100	1	8137
m	147	295	10	10	0	0	15s	100	1	8137
m	187	293	10	10	0	0	15s	100	1	8137
m	213	269	10	10	0	0	15s	100	1	8137
m	243	247	10	10	0	0	15s	100	1	8137
m	276	247	10	10	0	0	15s	100	1	8137
m	309	307	10	10	0	0	15s	100	1	8137
m	319	362	10	10	0	0	15s	100	1	8137
m	362	360	10	10	0	0	15s	100	1	8137
m	455	355	10	10	0	0	15s	100	1	8137
m	411	394	10	10	0	0	15s	100	1	8137
m	380	428	10	10	0	0	15s	100	1	8137
m	322	439	10	10	0	0	15s	100	1	8137
m	280	478	10	10	0	0	15s	100	1	8137
m	242	483	10	10	0	0	15s	100	1	8137
m	186	465	10	10	0	0	15s	100	1	8137
m	480	413	10	10	0	0	15s	100	1	8137
m	511	355	10	10	0	0	15s	100	1	8137
m	577	352	10	10	0	0	15s	100	1	8137
m	620	367	10	10	0	0	15s	100	1	8137
m	655	394	10	10	0	0	15s	100	1	8137
m	647	425	10	10	0	0	15s	100	1	8137
m	622	403	10	10	0	0	15s	100	1	8137
m	609	446	10	10	0	0	15s	100	1	8137
m	588	486	10	10	0	0	15s	100	1	8137
m	309	207	10	10	0	0	15s	100	1	8137
m	336	191	10	10	0	0	15s	100	1	8137
m	372	157	10	10	0	0	15s	100	1	8137
m	401	142	10	10	0	0	15s	100	1	8137
m	385	121	10	10	0	0	15s	100	1	8137
m	350	119	10	10	0	0	15s	100	1	8137
m	360	150	10	10	0	0	15s	100	1	8137
m	344	163	10	10	0	0	15s	100	1	8137
m	331	137	10	10	0	0	15s	100	1	8137
m	376	88	10	10	0	0	15s	100	1	8137
m	407	90	10	10	0	0	15s	100	1	8137
m	377	104	10	10	0	0	15s	100	1	8137
m	431	80	10	10	0	0	15s	100	1	8137
m	478	74	10	10	0	0	15s	100	1	8137
m	526	64	10	10	0	0	15s	100	1	8137
m	534	77	10	10	0	0	15s	100	1	8137
m	571	74	10	10	0	0	15s	100	1	8137
m	597	73	10	10	0	0	15s	100	1	8137
m	598	95	10	10	0	0	15s	100	1	8137
m	583	85	10	10	0	0	15s	100	1	8137
m	574	105	10	10	0	0	15s	100	1	8137
m	593	110	10	10	0	0	15s	100	1	8137
m	309	828	10	10	0	0	15s	100	1	8137
m	454	845	10	10	0	0	15s	100	1	8137
m	210	282	10	10	0	0	15s	100	1	8136
m	244	264	10	10	0	0	15s	100	1	8136
m	270	233	10	10	0	0	15s	100	1	8136
m	182	282	10	10	0	0	15s	100	1	8136
m	128	304	10	10	0	0	15s	100	1	8136
m	112	330	10	10	0	0	15s	100	1	8136
m	98	406	10	10	0	0	15s	100	1	8136
m	151	446	10	10	0	0	15s	100	1	8136
m	103	452	10	10	0	0	15s	100	1	8136
m	132	544	10	10	0	0	15s	100	1	8136
m	128	576	10	10	0	0	15s	100	1	8136
m	162	576	10	10	0	0	15s	100	1	8136
m	141	593	10	10	0	0	15s	100	1	8136
m	172	633	10	10	0	0	15s	100	1	8136
m	130	632	10	10	0	0	15s	100	1	8136
m	165	609	10	10	0	0	15s	100	1	8136
m	198	605	10	10	0	0	15s	100	1	8136
m	208	634	10	10	0	0	15s	100	1	8136
m	231	609	10	10	0	0	15s	100	1	8136
m	222	663	10	10	0	0	15s	100	1	8136
m	195	669	10	10	0	0	15s	100	1	8136
m	136	675	10	10	0	0	15s	100	1	8136
m	189	712	10	10	0	0	15s	100	1	8136
m	229	692	10	10	0	0	15s	100	1	8136
m	234	723	10	10	0	0	15s	100	1	8136
m	204	728	10	10	0	0	15s	100	1	8136
m	242	745	10	10	0	0	15s	100	1	8136
m	258	773	10	10	0	0	15s	100	1	8136
m	265	808	10	10	0	0	15s	100	1	8136
m	291	831	10	10	0	0	15s	100	1	8136
m	536	789	10	10	0	0	15s	100	1	8136
m	566	770	10	10	0	0	15s	100	1	8136
m	556	736	10	10	0	0	15s	100	1	8136
m	573	705	10	10	0	0	15s	100	1	8136
m	588	729	10	10	0	0	15s	100	1	8136
m	600	765	10	10	0	0	15s	100	1	8136
m	551	774	10	10	0	0	15s	100	1	8136
m	528	775	10	10	0	0	15s	100	1	8136
m	493	806	10	10	0	0	15s	100	1	8136
m	456	839	10	10	0	0	15s	100	1	8136
m	430	863	10	10	0	0	15s	100	1	8136
m	589	747	10	10	0	0	15s	100	1	8136
m	590	616	10	10	0	0	15s	100	1	8136
m	596	666	10	10	0	0	15s	100	1	8136
m	588	685	10	10	0	0	15s	100	1	8136
m	595	596	10	10	0	0	15s	100	1	8136
m	612	577	10	10	0	0	15s	100	1	8136
m	633	579	10	10	0	0	15s	100	1	8136
m	604	548	10	10	0	0	15s	100	1	8136
m	575	544	10	10	0	0	15s	100	1	8136
m	565	522	10	10	0	0	15s	100	1	8136
m	545	515	10	10	0	0	15s	100	1	8136
m	531	533	10	10	0	0	15s	100	1	8136
m	511	535	10	10	0	0	15s	100	1	8136
m	500	518	10	10	0	0	15s	100	1	8136
m	496	553	10	10	0	0	15s	100	1	8136
m	529	559	10	10	0	0	15s	100	1	8136
m	555	584	10	10	0	0	15s	100	1	8136
m	577	583	10	10	0	0	15s	100	1	8136
m	549	560	10	10	0	0	15s	100	1	8136
m	585	559	10	10	0	0	15s	100	1	8136
m	588	630	10	10	0	0	15s	100	1	8136
m	587	667	10	10	0	0	15s	100	1	8136
m	575	688	10	10	0	0	15s	100	1	8136
m	646	408	10	10	0	0	15s	100	1	8136
m	635	378	10	10	0	0	15s	100	1	8136
m	600	368	10	10	0	0	15s	100	1	8136
m	552	347	10	10	0	0	15s	100	1	8136
m	534	361	10	10	0	0	15s	100	1	8136
m	492	348	10	10	0	0	15s	100	1	8136
m	491	380	10	10	0	0	15s	100	1	8136
m	452	420	10	10	0	0	15s	100	1	8136
m	406	418	10	10	0	0	15s	100	1	8136
m	423	368	10	10	0	0	15s	100	1	8136
m	350	433	10	10	0	0	15s	100	1	8136
m	308	455	10	10	0	0	15s	100	1	8136
m	318	406	10	10	0	0	15s	100	1	8136
m	324	340	10	10	0	0	15s	100	1	8136
m	302	285	10	10	0	0	15s	100	1	8136
m	269	276	10	10	0	0	15s	100	1	8136
m	126	438	10	10	0	0	15s	100	1	8136
m	102	422	10	10	0	0	15s	100	1	8136
m	100	322	10	10	0	0	15s	100	1	8136
m	201	279	10	10	0	0	15s	100	1	8136
m	234	263	10	10	0	0	15s	100	1	8136
m	292	234	10	10	0	0	15s	100	1	8136
m	321	191	10	10	0	0	15s	100	1	8136
m	351	185	10	10	0	0	15s	100	1	8136
m	332	160	10	10	0	0	15s	100	1	8136
m	351	130	10	10	0	0	15s	100	1	8136
m	371	127	10	10	0	0	15s	100	1	8136
m	385	141	10	10	0	0	15s	100	1	8136
m	373	167	10	10	0	0	15s	100	1	8136
m	369	136	10	10	0	0	15s	100	1	8136
m	362	106	10	10	0	0	15s	100	1	8136
m	344	116	10	10	0	0	15s	100	1	8136
m	392	95	10	10	0	0	15s	100	1	8136
m	392	112	10	10	0	0	15s	100	1	8136
m	405	121	10	10	0	0	15s	100	1	8136
m	421	89	10	10	0	0	15s	100	1	8136
m	469	79	10	10	0	0	15s	100	1	8136
m	508	66	10	10	0	0	15s	100	1	8136
m	513	76	10	10	0	0	15s	100	1	8136
m	549	61	10	10	0	0	15s	100	1	8136
m	554	82	10	10	0	0	15s	100	1	8136
m	579	95	10	10	0	0	15s	100	1	8136
m	583	67	10	10	0	0	15s	100	1	8136
m	584	115	10	10	0	0	15s	100	1	8136
m	601	80	10	10	0	0	15s	100	1	8136
m	661	411	10	10	0	0	15s	100	1	8136
m	391	377	10	10	0	0	15s	100	1	8136
m	412	375	10	10	0	0	15s	100	1	8136
m	305	326	10	10	0	0	15s	100	1	8136
m	287	261	10	10	0	0	15s	100	1	8136
