m	215	205	150	150	0	0	50s	100	1	8007
m	143	659	150	150	0	0	50s	100	1	8007
m	454	413	150	150	0	0	50s	100	1	8006
m	801	792	150	150	0	0	50s	100	1	8006
m	599	122	150	150	0	0	50s	100	1	8007
m	307	884	150	150	0	0	50s	100	1	8006
m	845	282	150	150	0	0	50s	100	1	8006

m	599	122	150	150	0	0	50s	100	1	8005
m	307	884	150	150	0	0	50s	100	1	8005
m	845	282	150	150	0	0	50s	100	1	8005
m	215	205	150	150	0	0	50s	100	1	8007
m	143	659	150	150	0	0	50s	100	1	8007
m	454	413	150	150	0	0	50s	100	1	8006
m	801	792	150	150	0	0	50s	100	1	8006
m	599	122	150	150	0	0	50s	100	1	8007
m	307	884	150	150	0	0	50s	100	1	8006
m	845	282	150	150	0	0	50s	100	1	8006

m	599	122	150	150	0	0	50s	100	1	8005
m	307	884	150	150	0	0	50s	100	1	8005
m	845	282	150	150	0	0	50s	100	1	8005
m	215	205	150	150	0	0	50s	100	1	8007
m	143	659	150	150	0	0	50s	100	1	8007
m	454	413	150	150	0	0	50s	100	1	8006
m	801	792	150	150	0	0	50s	100	1	8006
m	599	122	150	150	0	0	50s	100	1	8007
m	307	884	150	150	0	0	50s	100	1	8006
m	845	282	150	150	0	0	50s	100	1	8006

m	599	122	150	150	0	0	50s	100	1	8005
m	307	884	150	150	0	0	50s	100	1	8005
m	845	282	150	150	0	0	50s	100	1	8005
m	215	205	150	150	0	0	50s	100	1	8007
m	143	659	150	150	0	0	50s	100	1	8007
m	454	413	150	150	0	0	50s	100	1	8006
m	801	792	150	150	0	0	50s	100	1	8006
m	599	122	150	150	0	0	50s	100	1	8007
m	307	884	150	150	0	0	50s	100	1	8006
m	845	282	150	150	0	0	50s	100	1	8006

m	599	122	150	150	0	0	50s	100	1	8005
m	307	884	150	150	0	0	50s	100	1	8005
m	845	282	150	150	0	0	50s	100	1	8005
m	215	205	150	150	0	0	50s	100	1	8007
m	143	659	150	150	0	0	50s	100	1	8007
