m	652	367	150	150	0	0	50s	100	1	8006
m	179	190	150	150	0	0	50s	100	1	8006
m	820	805	150	150	0	0	50s	100	1	8007
m	264	846	150	150	0	0	50s	100	1	8007
m	169	435	150	150	0	0	50s	100	1	8006
m	498	848	150	150	0	0	50s	100	1	8007
m	584	694	150	150	0	0	50s	100	1	8007
m	652	367	150	150	0	0	50s	100	1	8006
m	179	190	150	150	0	0	50s	100	1	8006
m	820	805	150	150	0	0	50s	100	1	8007
m	264	846	150	150	0	0	50s	100	1	8007
m	169	435	150	150	0	0	50s	100	1	8006
m	498	848	150	150	0	0	50s	100	1	8007
m	584	694	150	150	0	0	50s	100	1	8007
m	652	367	150	150	0	0	50s	100	1	8006
m	179	190	150	150	0	0	50s	100	1	8006
m	820	805	150	150	0	0	50s	100	1	8007
m	264	846	150	150	0	0	50s	100	1	8007
m	169	435	150	150	0	0	50s	100	1	8006
m	498	848	150	150	0	0	50s	100	1	8007
m	584	694	150	150	0	0	50s	100	1	8007
m	652	367	150	150	0	0	50s	100	1	8006
m	179	190	150	150	0	0	50s	100	1	8006
m	820	805	150	150	0	0	50s	100	1	8007
m	264	846	150	150	0	0	50s	100	1	8007
m	169	435	150	150	0	0	50s	100	1	8006
m	498	848	150	150	0	0	50s	100	1	8007
m	584	694	150	150	0	0	50s	100	1	8007
m	652	367	150	150	0	0	50s	100	1	8006
m	179	190	150	150	0	0	50s	100	1	8006
m	820	805	150	150	0	0	50s	100	1	8007
m	264	846	150	150	0	0	50s	100	1	8007
m	169	435	150	150	0	0	50s	100	1	8006
m	498	848	150	150	0	0	50s	100	1	8007
m	584	694	150	150	0	0	50s	100	1	8007
m	652	367	150	150	0	0	50s	100	1	8006
m	179	190	150	150	0	0	50s	100	1	8006
m	820	805	150	150	0	0	50s	100	1	8007
m	264	846	150	150	0	0	50s	100	1	8007
m	169	435	150	150	0	0	50s	100	1	8006
m	498	848	150	150	0	0	50s	100	1	8007
m	584	694	150	150	0	0	50s	100	1	8007
m	652	367	150	150	0	0	50s	100	1	8006
m	179	190	150	150	0	0	50s	100	1	8006
m	820	805	150	150	0	0	50s	100	1	8007
m	264	846	150	150	0	0	50s	100	1	8007
m	169	435	150	150	0	0	50s	100	1	8006
m	498	848	150	150	0	0	50s	100	1	8007
m	584	694	150	150	0	0	50s	100	1	8007
m	652	367	150	150	0	0	50s	100	1	8006
m	179	190	150	150	0	0	50s	100	1	8006
m	820	805	150	150	0	0	50s	100	1	8007
m	264	846	150	150	0	0	50s	100	1	8007
m	169	435	150	150	0	0	50s	100	1	8006
m	498	848	150	150	0	0	50s	100	1	8007
m	584	694	150	150	0	0	50s	100	1	8007
m	652	367	150	150	0	0	50s	100	1	8006
m	179	190	150	150	0	0	50s	100	1	8006
m	820	805	150	150	0	0	50s	100	1	8007
m	264	846	150	150	0	0	50s	100	1	8007
m	169	435	150	150	0	0	50s	100	1	8006
m	498	848	150	150	0	0	50s	100	1	8007
m	584	694	150	150	0	0	50s	100	1	8007
m	652	367	150	150	0	0	50s	100	1	8006
m	179	190	150	150	0	0	50s	100	1	8006
m	820	805	150	150	0	0	50s	100	1	8007
m	820	805	150	150	0	0	50s	100	1	8007