m	103	1444	0	0	0	0	1m	100	1	10008
m	76 	60  	0	0	0	0	1m	100	1	10010
m	1458	751	0	0	0	0	1m	100	1	10012
// 다나까 -----------------------------------------------------------------------------------
s	0	0	0	0	0	0	600s	100	15	5004

// 워프용 NPC -----------------------------------------------------------------------------------
m	120	730	0	0	0	0	60s	100	1	9012

// 공성용 NPC -----------------------------------------------------------------------------------
m	268	851	0	0	0	0	60s	100	1	20097
m	248	851	0	0	0	0	60s	100	1	20098
m	228 	851	0	0	0	0	60s	100	1	20099

// 적룡성 NPC  -----------------------------------------------------------------------------------
m	260	922	0	0	0	7	60s	100	1	20375
m	260	926	0	0	0	7	60s	100	1	20394
m	260	930	0	0	0	7	60s	100	1	20375
m	1473	87	0	0	0	7	60s	100	1	20375
m	1471	97	0	0	0	7	60s	100	1	20375
m	227	731	0	0	0	0	60s	100	1	20391
m	230	922	0	0	0	0	60s	100	1	20393
m	1470	93	0	0	0	0	60s	100	1	20419
m	1438	90	0	0	0	0	60s	100	1	20421