m	240	206	0	0	10	1	300s	100	1	6789
m	401	208	0	0	10	1	300s	100	1	6789
m	549	306	0	0	10	1	300s	100	1	6789
m	428	420	0	0	10	1	300s	100	1	6789
m	717	862	0	0	10	1	300s	100	1	6789
m	458	1029	0	0	10	1	300s	100	1	6789
m	192	1030	0	0	10	1	300s	100	1	6789
m	194	869	0	0	10	1	300s	100	1	6789
m	195	1187	0	0	10	1	300s	100	1	6789
m	60	1333	0	0	10	1	300s	100	1	6789
m	355	1338	0	0	10	1	300s	100	1	6789
m	467	1186	0	0	10	1	300s	100	1	6789
m	772	1338	0	0	10	1	300s	100	1	6789
m	890	1338	0	0	10	1	300s	100	1	6789
m	1035	1199	0	0	10	1	300s	100	1	6789
m	1118	838	0	0	10	1	300s	100	1	6789
m	896	677	0	0	10	1	300s	100	1	6789
m	1236	664	0	0	10	1	300s	100	1	6789
m	1054	353	0	0	10	1	300s	100	1	6789
m	996	246	0	0	10	1	300s	100	1	6789
m	1216	104	0	0	10	1	300s	100	1	6789
m	830	107	0	0	10	1	300s	100	1	6789
m	1480	105	0	0	10	1	300s	100	1	6789
m	1317	232	0	0	10	1	300s	100	1	6789
m	1472	524	0	0	10	1	300s	100	1	6789
m	1344	861	0	0	10	1	300s	100	1	6789
m	1483	961	0	0	10	1	300s	100	1	6789
m	1213	972	0	0	10	1	300s	100	1	6789
m	1482	1346	0	0	10	1	300s	100	1	6789
m	848	94	0	0	10	1	300s	100	1	6788
m	415	208	0	0	10	1	300s	100	1	6788
m	543	331	0	0	10	1	300s	100	1	6788
m	403	426	0	0	10	1	300s	100	1	6788
m	700	865	0	0	10	1	300s	100	1	6788
m	885	692	0	0	10	1	300s	100	1	6788
m	1114	815	0	0	10	1	300s	100	1	6788
m	1019	1212	0	0	10	1	300s	100	1	6788
m	450	1178	0	0	10	1	300s	100	1	6788
m	212	1198	0	0	10	1	300s	100	1	6788
m	206	1027	0	0	10	1	300s	100	1	6788
m	202	878	0	0	10	1	300s	100	1	6788
m	235	222	0	0	10	1	300s	100	1	6788
m	992	228	0	0	10	1	300s	100	1	6788
m	1211	127	0	0	10	1	300s	100	1	6788
m	1470	121	0	0	10	1	300s	100	1	6788
m	1311	247	0	0	10	1	300s	100	1	6788
m	1052	364	0	0	10	1	300s	100	1	6788
m	1479	512	0	0	10	1	300s	100	1	6788
m	1211	667	0	0	10	1	300s	100	1	6788
m	1360	863	0	0	10	1	300s	100	1	6788
m	1469	968	0	0	10	1	300s	100	1	6788
m	1220	952	0	0	10	1	300s	100	1	6788
m	1485	1326	0	0	10	1	300s	100	1	6788
m	900	1321	0	0	10	1	300s	100	1	6788
m	773	1324	0	0	10	1	300s	100	1	6788
m	376	1336	0	0	10	1	300s	100	1	6788
m	72	1345	0	0	10	1	300s	100	1	6788
