m	231	194	10	10	0	0	60s	100	1	6784
m	239	208	10	10	0	0	60s	100	1	6784
m	236	214	10	10	0	0	60s	100	1	6784
m	256	222	10	10	0	0	60s	100	1	6784
m	260	204	10	10	0	0	60s	100	1	6784
m	226	199	10	10	0	0	60s	100	1	6784
m	212	228	10	10	0	0	60s	100	1	6784
m	244	231	10	10	0	0	60s	100	1	6784
m	262	239	10	10	0	0	60s	100	1	6784
m	345	199	10	10	0	0	60s	100	1	6784
m	402	211	10	10	0	0	60s	100	1	6784
m	406	193	10	10	0	0	60s	100	1	6784
m	400	229	10	10	0	0	60s	100	1	6784
m	443	223	10	10	0	0	60s	100	1	6784
m	424	196	10	10	0	0	60s	100	1	6784
m	383	208	10	10	0	0	60s	100	1	6784
m	489	211	10	10	0	0	60s	100	1	6784
m	544	206	10	10	0	0	60s	100	1	6784
m	561	209	10	10	0	0	60s	100	1	6784
m	586	200	10	10	0	0	60s	100	1	6784
m	593	207	10	10	0	0	60s	100	1	6784
m	642	204	10	10	0	0	60s	100	1	6784
m	664	207	10	10	0	0	60s	100	1	6784
m	723	213	10	10	0	0	60s	100	1	6784
m	749	211	10	10	0	0	60s	100	1	6784
m	763	213	10	10	0	0	60s	100	1	6784
m	760	248	10	10	0	0	60s	100	1	6784
m	772	264	10	10	0	0	60s	100	1	6784
m	767	296	10	10	0	0	60s	100	1	6784
m	774	321	10	10	0	0	60s	100	1	6784
m	767	348	10	10	0	0	60s	100	1	6784
m	817	360	10	10	0	0	60s	100	1	6784
m	828	356	10	10	0	0	60s	100	1	6784
m	836	356	10	10	0	0	60s	100	1	6784
m	845	356	10	10	0	0	60s	100	1	6784
m	855	360	10	10	0	0	60s	100	1	6784
m	835	369	10	10	0	0	60s	100	1	6784
m	828	328	10	10	0	0	60s	100	1	6784
m	830	300	10	10	0	0	60s	100	1	6784
m	831	268	10	10	0	0	60s	100	1	6784
m	828	244	10	10	0	0	60s	100	1	6784
m	821	213	10	10	0	0	60s	100	1	6784
m	826	197	10	10	0	0	60s	100	1	6784
m	827	166	10	10	0	0	60s	100	1	6784
m	827	150	10	10	0	0	60s	100	1	6784
m	838	132	10	10	0	0	60s	100	1	6784
m	852	125	10	10	0	0	60s	100	1	6784
m	848	89	10	10	0	0	60s	100	1	6784
m	828	92	10	10	0	0	60s	100	1	6784
m	807	76	10	10	0	0	60s	100	1	6784
m	812	106	10	10	0	0	60s	100	1	6784
m	839	111	10	10	0	0	60s	100	1	6784
m	844	103	10	10	0	0	60s	100	1	6784
m	813	112	10	10	0	0	60s	100	1	6784
m	811	130	10	10	0	0	60s	100	1	6784
m	844	122	10	10	0	0	60s	100	1	6784
m	883	111	10	10	0	0	60s	100	1	6784
m	946	110	10	10	0	0	60s	100	1	6784
m	989	106	10	10	0	0	60s	100	1	6784
m	1055	107	10	10	0	0	60s	100	1	6784
m	1118	109	10	10	0	0	60s	100	1	6784
m	1141	104	10	10	0	0	60s	100	1	6784
m	1200	115	10	10	0	0	60s	100	1	6784
m	1222	100	10	10	0	0	60s	100	1	6784
m	1220	83	10	10	0	0	60s	100	1	6784
m	1214	79	10	10	0	0	60s	100	1	6784
m	1199	94	10	10	0	0	60s	100	1	6784
m	1208	105	10	10	0	0	60s	100	1	6784
m	1251	121	10	10	0	0	60s	100	1	6784
m	1236	136	10	10	0	0	60s	100	1	6784
m	1209	144	10	10	0	0	60s	100	1	6784
m	1216	124	10	10	0	0	60s	100	1	6784
m	1213	169	10	10	0	0	60s	100	1	6784
m	1216	208	10	10	0	0	60s	100	1	6784
m	1217	228	10	10	0	0	60s	100	1	6784
m	1197	240	10	10	0	0	60s	100	1	6784
m	1165	241	10	10	0	0	60s	100	1	6784
m	1117	241	10	10	0	0	60s	100	1	6784
m	1028	235	10	10	0	0	60s	100	1	6784
m	988	222	10	10	0	0	60s	100	1	6784
m	993	243	10	10	0	0	60s	100	1	6784
m	1000	250	10	10	0	0	60s	100	1	6784
m	1020	267	10	10	0	0	60s	100	1	6784
m	1022	240	10	10	0	0	60s	100	1	6784
m	1007	237	10	10	0	0	60s	100	1	6784
m	1006	213	10	10	0	0	60s	100	1	6784
m	971	236	10	10	0	0	60s	100	1	6784
m	972	262	10	10	0	0	60s	100	1	6784
m	1012	264	10	10	0	0	60s	100	1	6784
m	1043	349	10	10	0	0	60s	100	1	6784
m	1060	336	10	10	0	0	60s	100	1	6784
m	1065	350	10	10	0	0	60s	100	1	6784
m	1052	360	10	10	0	0	60s	100	1	6784
m	1071	364	10	10	0	0	60s	100	1	6784
m	1088	361	10	10	0	0	60s	100	1	6784
m	1079	380	10	10	0	0	60s	100	1	6784
m	1050	389	10	10	0	0	60s	100	1	6784
m	1023	362	10	10	0	0	60s	100	1	6784
m	1040	351	10	10	0	0	60s	100	1	6784
m	1079	345	10	10	0	0	60s	100	1	6784
m	557	314	10	10	0	0	60s	100	1	6784
m	560	294	10	10	0	0	60s	100	1	6784
m	526	291	10	10	0	0	60s	100	1	6784
m	524	325	10	10	0	0	60s	100	1	6784
m	564	328	10	10	0	0	60s	100	1	6784
m	576	306	10	10	0	0	60s	100	1	6784
m	532	313	10	10	0	0	60s	100	1	6784
m	538	333	10	10	0	0	60s	100	1	6784
m	559	334	10	10	0	0	60s	100	1	6784
m	584	310	10	10	0	0	60s	100	1	6784
m	555	293	10	10	0	0	60s	100	1	6784
m	546	293	10	10	0	0	60s	100	1	6784
m	538	298	10	10	0	0	60s	100	1	6784
m	533	316	10	10	0	0	60s	100	1	6784
m	235	267	10	10	0	0	60s	100	1	6784
m	239	305	10	10	0	0	60s	100	1	6784
m	232	337	10	10	0	0	60s	100	1	6784
m	235	350	10	10	0	0	60s	100	1	6784
m	239	395	10	10	0	0	60s	100	1	6784
m	242	417	10	10	0	0	60s	100	1	6784
m	234	460	10	10	0	0	60s	100	1	6784
m	237	494	10	10	0	0	60s	100	1	6784
m	241	514	10	10	0	0	60s	100	1	6784
m	229	554	10	10	0	0	60s	100	1	6784
m	240	542	10	10	0	0	60s	100	1	6784
m	196	555	10	10	0	0	60s	100	1	6784
m	185	550	10	10	0	0	60s	100	1	6784
m	208	549	10	10	0	0	60s	100	1	6784
m	302	309	10	10	0	0	60s	100	1	6784
m	301	323	10	10	0	0	60s	100	1	6784
m	296	341	10	10	0	0	60s	100	1	6784
m	295	361	10	10	0	0	60s	100	1	6784
m	294	386	10	10	0	0	60s	100	1	6784
m	302	395	10	10	0	0	60s	100	1	6784
m	300	428	10	10	0	0	60s	100	1	6784
m	293	468	10	10	0	0	60s	100	1	6784
m	301	478	10	10	0	0	60s	100	1	6784
m	301	512	10	10	0	0	60s	100	1	6784
m	299	549	10	10	0	0	60s	100	1	6784
m	306	568	10	10	0	0	60s	100	1	6784
m	299	597	10	10	0	0	60s	100	1	6784
m	292	611	10	10	0	0	60s	100	1	6784
m	268	611	10	10	0	0	60s	100	1	6784
m	232	621	10	10	0	0	60s	100	1	6784
m	203	610	10	10	0	0	60s	100	1	6784
m	191	614	10	10	0	0	60s	100	1	6784
m	389	439	10	10	0	0	60s	100	1	6784
m	400	434	10	10	0	0	60s	100	1	6784
m	410	435	10	10	0	0	60s	100	1	6784
m	423	422	10	10	0	0	60s	100	1	6784
m	424	418	10	10	0	0	60s	100	1	6784
m	432	409	10	10	0	0	60s	100	1	6784
m	435	408	10	10	0	0	60s	100	1	6784
m	416	385	10	10	0	0	60s	100	1	6784
m	405	395	10	10	0	0	60s	100	1	6784
m	408	405	10	10	0	0	60s	100	1	6784
m	444	427	10	10	0	0	60s	100	1	6784
m	424	445	10	10	0	0	60s	100	1	6784
m	408	412	10	10	0	0	60s	100	1	6784
m	435	395	10	10	0	0	60s	100	1	6784
m	438	390	10	10	0	0	60s	100	1	6784
m	347	314	10	10	0	0	60s	100	1	6784
m	388	312	10	10	0	0	60s	100	1	6784
m	420	310	10	10	0	0	60s	100	1	6784
m	450	310	10	10	0	0	60s	100	1	6784
m	548	333	10	10	0	0	60s	100	1	6784
m	556	355	10	10	0	0	60s	100	1	6784
m	608	309	10	10	0	0	60s	100	1	6784
m	651	308	10	10	0	0	60s	100	1	6784
m	708	306	10	10	0	0	60s	100	1	6784
m	676	308	10	10	0	0	60s	100	1	6784
m	699	329	10	10	0	0	60s	100	1	6784
m	715	332	10	10	0	0	60s	100	1	6784
m	712	358	10	10	0	0	60s	100	1	6784
m	704	377	10	10	0	0	60s	100	1	6784
m	701	397	10	10	0	0	60s	100	1	6784
m	712	427	10	10	0	0	60s	100	1	6784
m	712	456	10	10	0	0	60s	100	1	6784
m	712	485	10	10	0	0	60s	100	1	6784
m	632	406	10	10	0	0	60s	100	1	6784
m	643	423	10	10	0	0	60s	100	1	6784
m	643	445	10	10	0	0	60s	100	1	6784
m	643	464	10	10	0	0	60s	100	1	6784
m	638	492	10	10	0	0	60s	100	1	6784
m	640	512	10	10	0	0	60s	100	1	6784
m	647	527	10	10	0	0	60s	100	1	6784
m	630	527	10	10	0	0	60s	100	1	6784
m	604	530	10	10	0	0	60s	100	1	6784
m	580	527	10	10	0	0	60s	100	1	6784
m	559	527	10	10	0	0	60s	100	1	6784
m	544	508	10	10	0	0	60s	100	1	6784
m	545	473	10	10	0	0	60s	100	1	6784
m	546	436	10	10	0	0	60s	100	1	6784
m	546	422	10	10	0	0	60s	100	1	6784
m	411	477	10	10	0	0	60s	100	1	6784
m	415	520	10	10	0	0	60s	100	1	6784
m	417	566	10	10	0	0	60s	100	1	6784
m	416	592	10	10	0	0	60s	100	1	6784
m	415	622	10	10	0	0	60s	100	1	6784
m	418	636	10	10	0	0	60s	100	1	6784
m	419	658	10	10	0	0	60s	100	1	6784
m	419	665	10	10	0	0	60s	100	1	6784
m	380	664	10	10	0	0	60s	100	1	6784
m	340	664	10	10	0	0	60s	100	1	6784
m	308	672	10	10	0	0	60s	100	1	6784
m	268	667	10	10	0	0	60s	100	1	6784
m	232	676	10	10	0	0	60s	100	1	6784
m	203	672	10	10	0	0	60s	100	1	6784
m	181	677	10	10	0	0	60s	100	1	6784
m	192	741	10	10	0	0	60s	100	1	6784
m	217	734	10	10	0	0	60s	100	1	6784
m	250	735	10	10	0	0	60s	100	1	6784
m	293	736	10	10	0	0	60s	100	1	6784
m	337	732	10	10	0	0	60s	100	1	6784
m	324	745	10	10	0	0	60s	100	1	6784
m	324	757	10	10	0	0	60s	100	1	6784
m	368	731	10	10	0	0	60s	100	1	6784
m	416	723	10	10	0	0	60s	100	1	6784
m	430	729	10	10	0	0	60s	100	1	6784
m	455	729	10	10	0	0	60s	100	1	6784
m	468	743	10	10	0	0	60s	100	1	6784
m	469	768	10	10	0	0	60s	100	1	6784
m	464	779	10	10	0	0	60s	100	1	6784
m	459	811	10	10	0	0	60s	100	1	6784
m	465	856	10	10	0	0	60s	100	1	6784
m	467	835	10	10	0	0	60s	100	1	6784
m	461	899	10	10	0	0	60s	100	1	6784
m	464	918	10	10	0	0	60s	100	1	6784
m	464	946	10	10	0	0	60s	100	1	6784
m	456	987	10	10	0	0	60s	100	1	6784
m	461	1007	10	10	0	0	60s	100	1	6784
m	476	1015	10	10	0	0	60s	100	1	6784
m	454	1042	10	10	0	0	60s	100	1	6784
m	415	1036	10	10	0	0	60s	100	1	6784
m	440	1017	10	10	0	0	60s	100	1	6784
m	468	1039	10	10	0	0	60s	100	1	6784
m	487	1064	10	10	0	0	60s	100	1	6784
m	491	1035	10	10	0	0	60s	100	1	6784
m	492	1005	10	10	0	0	60s	100	1	6784
m	329	799	10	10	0	0	60s	100	1	6784
m	327	831	10	10	0	0	60s	100	1	6784
m	326	860	10	10	0	0	60s	100	1	6784
m	325	895	10	10	0	0	60s	100	1	6784
m	333	917	10	10	0	0	60s	100	1	6784
m	331	941	10	10	0	0	60s	100	1	6784
m	332	967	10	10	0	0	60s	100	1	6784
m	332	992	10	10	0	0	60s	100	1	6784
m	332	1006	10	10	0	0	60s	100	1	6784
m	332	1022	10	10	0	0	60s	100	1	6784
m	365	1027	10	10	0	0	60s	100	1	6784
m	386	1023	10	10	0	0	60s	100	1	6784
m	320	1021	10	10	0	0	60s	100	1	6784
m	280	1022	10	10	0	0	60s	100	1	6784
m	248	1024	10	10	0	0	60s	100	1	6784
m	197	1021	10	10	0	0	60s	100	1	6784
m	200	1004	10	10	0	0	60s	100	1	6784
m	225	1014	10	10	0	0	60s	100	1	6784
m	207	1033	10	10	0	0	60s	100	1	6784
m	196	1040	10	10	0	0	60s	100	1	6784
m	172	1022	10	10	0	0	60s	100	1	6784
m	177	1004	10	10	0	0	60s	100	1	6784
m	223	998	10	10	0	0	60s	100	1	6784
m	197	1038	10	10	0	0	60s	100	1	6784
m	204	1051	10	10	0	0	60s	100	1	6784
m	208	1051	10	10	0	0	60s	100	1	6784
m	194	886	10	10	0	0	60s	100	1	6784
m	190	886	10	10	0	0	60s	100	1	6784
m	196	866	10	10	0	0	60s	100	1	6784
m	214	865	10	10	0	0	60s	100	1	6784
m	212	882	10	10	0	0	60s	100	1	6784
m	180	868	10	10	0	0	60s	100	1	6784
m	212	891	10	10	0	0	60s	100	1	6784
m	212	898	10	10	0	0	60s	100	1	6784
m	225	875	10	10	0	0	60s	100	1	6784
m	219	844	10	10	0	0	60s	100	1	6784
m	201	846	10	10	0	0	60s	100	1	6784
m	167	854	10	10	0	0	60s	100	1	6784
m	148	878	10	10	0	0	60s	100	1	6784
m	102	875	10	10	0	0	60s	100	1	6784
m	64	876	10	10	0	0	60s	100	1	6784
m	62	912	10	10	0	0	60s	100	1	6784
m	59	940	10	10	0	0	60s	100	1	6784
m	63	977	10	10	0	0	60s	100	1	6784
m	51	1011	10	10	0	0	60s	100	1	6784
m	76	1028	10	10	0	0	60s	100	1	6784
m	104	1024	10	10	0	0	60s	100	1	6784
m	136	1025	10	10	0	0	60s	100	1	6784
m	150	1026	10	10	0	0	60s	100	1	6784
m	56	1044	10	10	0	0	60s	100	1	6784
m	56	1080	10	10	0	0	60s	100	1	6784
m	64	1091	10	10	0	0	60s	100	1	6784
m	67	1120	10	10	0	0	60s	100	1	6784
m	61	1150	10	10	0	0	60s	100	1	6784
m	61	1172	10	10	0	0	60s	100	1	6784
m	64	1184	10	10	0	0	60s	100	1	6784
m	64	1212	10	10	0	0	60s	100	1	6784
m	59	1225	10	10	0	0	60s	100	1	6784
m	64	1257	10	10	0	0	60s	100	1	6784
m	64	1284	10	10	0	0	60s	100	1	6784
m	75	1312	10	10	0	0	60s	100	1	6784
m	101	1324	10	10	0	0	60s	100	1	6784
m	85	1336	10	10	0	0	60s	100	1	6784
m	48	1335	10	10	0	0	60s	100	1	6784
m	47	1320	10	10	0	0	60s	100	1	6784
m	57	1334	10	10	0	0	60s	100	1	6784
m	58	1344	10	10	0	0	60s	100	1	6784
m	76	1349	10	10	0	0	60s	100	1	6784
m	93	1354	10	10	0	0	60s	100	1	6784
m	76	1360	10	10	0	0	60s	100	1	6784
m	59	1359	10	10	0	0	60s	100	1	6784
m	71	1324	10	10	0	0	60s	100	1	6784
m	57	1315	10	10	0	0	60s	100	1	6784
m	117	1334	10	10	0	0	60s	100	1	6784
m	156	1333	10	10	0	0	60s	100	1	6784
m	184	1343	10	10	0	0	60s	100	1	6784
m	190	1339	10	10	0	0	60s	100	1	6784
m	244	1341	10	10	0	0	60s	100	1	6784
m	279	1340	10	10	0	0	60s	100	1	6784
m	316	1338	10	10	0	0	60s	100	1	6784
m	365	1333	10	10	0	0	60s	100	1	6784
m	366	1333	10	10	0	0	60s	100	1	6784
m	370	1313	10	10	0	0	60s	100	1	6784
m	340	1322	10	10	0	0	60s	100	1	6784
m	352	1338	10	10	0	0	60s	100	1	6784
m	395	1334	10	10	0	0	60s	100	1	6784
m	400	1322	10	10	0	0	60s	100	1	6784
m	385	1359	10	10	0	0	60s	100	1	6784
m	358	1360	10	10	0	0	60s	100	1	6784
m	355	1348	10	10	0	0	60s	100	1	6784
m	199	1079	10	10	0	0	60s	100	1	6784
m	199	1107	10	10	0	0	60s	100	1	6784
m	190	1135	10	10	0	0	60s	100	1	6784
m	196	1167	10	10	0	0	60s	100	1	6784
m	228	1182	10	10	0	0	60s	100	1	6784
m	215	1173	10	10	0	0	60s	100	1	6784
m	203	1194	10	10	0	0	60s	100	1	6784
m	176	1207	10	10	0	0	60s	100	1	6784
m	180	1174	10	10	0	0	60s	100	1	6784
m	221	1192	10	10	0	0	60s	100	1	6784
m	220	1208	10	10	0	0	60s	100	1	6784
m	190	1195	10	10	0	0	60s	100	1	6784
m	272	1195	10	10	0	0	60s	100	1	6784
m	300	1187	10	10	0	0	60s	100	1	6784
m	366	1187	10	10	0	0	60s	100	1	6784
m	388	1185	10	10	0	0	60s	100	1	6784
m	404	1185	10	10	0	0	60s	100	1	6784
m	431	1191	10	10	0	0	60s	100	1	6784
m	452	1173	10	10	0	0	60s	100	1	6784
m	456	1199	10	10	0	0	60s	100	1	6784
m	436	1211	10	10	0	0	60s	100	1	6784
m	471	1215	10	10	0	0	60s	100	1	6784
m	485	1190	10	10	0	0	60s	100	1	6784
m	480	1171	10	10	0	0	60s	100	1	6784
m	464	1157	10	10	0	0	60s	100	1	6784
m	462	1128	10	10	0	0	60s	100	1	6784
m	460	1114	10	10	0	0	60s	100	1	6784
m	460	1079	10	10	0	0	60s	100	1	6784
m	494	1186	10	10	0	0	60s	100	1	6784
m	504	1188	10	10	0	0	60s	100	1	6784
m	533	1184	10	10	0	0	60s	100	1	6784
m	582	1183	10	10	0	0	60s	100	1	6784
m	599	1182	10	10	0	0	60s	100	1	6784
m	624	1186	10	10	0	0	60s	100	1	6784
m	672	1190	10	10	0	0	60s	100	1	6784
m	695	1188	10	10	0	0	60s	100	1	6784
m	691	1162	10	10	0	0	60s	100	1	6784
m	690	1106	10	10	0	0	60s	100	1	6784
m	690	1073	10	10	0	0	60s	100	1	6784
m	699	1038	10	10	0	0	60s	100	1	6784
m	709	1043	10	10	0	0	60s	100	1	6784
m	455	1337	10	10	0	0	60s	100	1	6784
m	488	1335	10	10	0	0	60s	100	1	6784
m	508	1336	10	10	0	0	60s	100	1	6784
m	527	1336	10	10	0	0	60s	100	1	6784
m	592	1340	10	10	0	0	60s	100	1	6784
m	569	1335	10	10	0	0	60s	100	1	6784
m	641	1341	10	10	0	0	60s	100	1	6784
m	668	1338	10	10	0	0	60s	100	1	6784
m	708	1339	10	10	0	0	60s	100	1	6784
m	760	1337	10	10	0	0	60s	100	1	6784
m	761	1359	10	10	0	0	60s	100	1	6784
m	752	1367	10	10	0	0	60s	100	1	6784
m	783	1360	10	10	0	0	60s	100	1	6784
m	787	1333	10	10	0	0	60s	100	1	6784
m	764	1311	10	10	0	0	60s	100	1	6784
m	772	1333	10	10	0	0	60s	100	1	6784
m	776	1349	10	10	0	0	60s	100	1	6784
m	786	1309	10	10	0	0	60s	100	1	6784
m	760	1307	10	10	0	0	60s	100	1	6784
m	740	1314	10	10	0	0	60s	100	1	6784
m	896	1335	10	10	0	0	60s	100	1	6784
m	881	1320	10	10	0	0	60s	100	1	6784
m	871	1327	10	10	0	0	60s	100	1	6784
m	887	1352	10	10	0	0	60s	100	1	6784
m	911	1347	10	10	0	0	60s	100	1	6784
m	916	1326	10	10	0	0	60s	100	1	6784
m	914	1316	10	10	0	0	60s	100	1	6784
m	885	1319	10	10	0	0	60s	100	1	6784
m	894	1302	10	10	0	0	60s	100	1	6784
m	888	1272	10	10	0	0	60s	100	1	6784
m	888	1252	10	10	0	0	60s	100	1	6784
m	888	1218	10	10	0	0	60s	100	1	6784
m	888	1180	10	10	0	0	60s	100	1	6784
m	888	1156	10	10	0	0	60s	100	1	6784
m	873	1142	10	10	0	0	60s	100	1	6784
m	820	1141	10	10	0	0	60s	100	1	6784
m	780	1142	10	10	0	0	60s	100	1	6784
m	767	1158	10	10	0	0	60s	100	1	6784
m	767	1183	10	10	0	0	60s	100	1	6784
m	770	1209	10	10	0	0	60s	100	1	6784
m	769	1242	10	10	0	0	60s	100	1	6784
m	773	1273	10	10	0	0	60s	100	1	6784
m	594	1135	10	10	0	0	60s	100	1	6784
m	594	1152	10	10	0	0	60s	100	1	6784
m	592	1099	10	10	0	0	60s	100	1	6784
m	591	1063	10	10	0	0	60s	100	1	6784
m	595	1025	10	10	0	0	60s	100	1	6784
m	590	996	10	10	0	0	60s	100	1	6784
m	600	974	10	10	0	0	60s	100	1	6784
m	631	960	10	10	0	0	60s	100	1	6784
m	677	958	10	10	0	0	60s	100	1	6784
m	723	961	10	10	0	0	60s	100	1	6784
m	772	962	10	10	0	0	60s	100	1	6784
m	831	965	10	10	0	0	60s	100	1	6784
m	836	986	10	10	0	0	60s	100	1	6784
m	837	1011	10	10	0	0	60s	100	1	6784
m	826	934	10	10	0	0	60s	100	1	6784
m	828	889	10	10	0	0	60s	100	1	6784
m	828	848	10	10	0	0	60s	100	1	6784
m	831	810	10	10	0	0	60s	100	1	6784
m	832	783	10	10	0	0	60s	100	1	6784
m	807	767	10	10	0	0	60s	100	1	6784
m	781	767	10	10	0	0	60s	100	1	6784
m	782	733	10	10	0	0	60s	100	1	6784
m	770	682	10	10	0	0	60s	100	1	6784
m	774	637	10	10	0	0	60s	100	1	6784
m	768	604	10	10	0	0	60s	100	1	6784
m	775	569	10	10	0	0	60s	100	1	6784
m	778	553	10	10	0	0	60s	100	1	6784
m	810	547	10	10	0	0	60s	100	1	6784
m	821	541	10	10	0	0	60s	100	1	6784
m	826	537	10	10	0	0	60s	100	1	6784
m	704	519	10	10	0	0	60s	100	1	6784
m	707	545	10	10	0	0	60s	100	1	6784
m	711	566	10	10	0	0	60s	100	1	6784
m	703	625	10	10	0	0	60s	100	1	6784
m	703	637	10	10	0	0	60s	100	1	6784
m	715	645	10	10	0	0	60s	100	1	6784
m	716	677	10	10	0	0	60s	100	1	6784
m	708	716	10	10	0	0	60s	100	1	6784
m	709	742	10	10	0	0	60s	100	1	6784
m	712	765	10	10	0	0	60s	100	1	6784
m	715	816	10	10	0	0	60s	100	1	6784
m	724	862	10	10	0	0	60s	100	1	6784
m	744	860	10	10	0	0	60s	100	1	6784
m	739	845	10	10	0	0	60s	100	1	6784
m	696	852	10	10	0	0	60s	100	1	6784
m	692	876	10	10	0	0	60s	100	1	6784
m	736	891	10	10	0	0	60s	100	1	6784
m	719	876	10	10	0	0	60s	100	1	6784
m	716	841	10	10	0	0	60s	100	1	6784
m	724	826	10	10	0	0	60s	100	1	6784
m	694	842	10	10	0	0	60s	100	1	6784
m	672	857	10	10	0	0	60s	100	1	6784
m	665	868	10	10	0	0	60s	100	1	6784
m	607	860	10	10	0	0	60s	100	1	6784
m	563	861	10	10	0	0	60s	100	1	6784
m	560	847	10	10	0	0	60s	100	1	6784
m	560	799	10	10	0	0	60s	100	1	6784
m	544	766	10	10	0	0	60s	100	1	6784
m	546	717	10	10	0	0	60s	100	1	6784
m	549	683	10	10	0	0	60s	100	1	6784
m	552	635	10	10	0	0	60s	100	1	6784
m	573	618	10	10	0	0	60s	100	1	6784
m	596	618	10	10	0	0	60s	100	1	6784
m	632	623	10	10	0	0	60s	100	1	6784
m	645	657	10	10	0	0	60s	100	1	6784
m	646	692	10	10	0	0	60s	100	1	6784
m	644	726	10	10	0	0	60s	100	1	6784
m	640	733	10	10	0	0	60s	100	1	6784
m	873	350	10	10	0	0	60s	100	1	6784
m	913	356	10	10	0	0	60s	100	1	6784
m	952	355	10	10	0	0	60s	100	1	6784
m	824	501	10	10	0	0	60s	100	1	6784
m	830	469	10	10	0	0	60s	100	1	6784
m	828	436	10	10	0	0	60s	100	1	6784
m	828	398	10	10	0	0	60s	100	1	6784
m	841	454	10	10	0	0	60s	100	1	6784
m	884	463	10	10	0	0	60s	100	1	6784
m	888	496	10	10	0	0	60s	100	1	6784
m	888	523	10	10	0	0	60s	100	1	6784
m	892	563	10	10	0	0	60s	100	1	6784
m	892	587	10	10	0	0	60s	100	1	6784
m	887	632	10	10	0	0	60s	100	1	6784
m	890	662	10	10	0	0	60s	100	1	6784
m	905	671	10	10	0	0	60s	100	1	6784
m	936	667	10	10	0	0	60s	100	1	6784
m	909	692	10	10	0	0	60s	100	1	6784
m	868	685	10	10	0	0	60s	100	1	6784
m	868	700	10	10	0	0	60s	100	1	6784
m	904	718	10	10	0	0	60s	100	1	6784
m	916	707	10	10	0	0	60s	100	1	6784
m	914	664	10	10	0	0	60s	100	1	6784
m	887	660	10	10	0	0	60s	100	1	6784
m	876	691	10	10	0	0	60s	100	1	6784
m	894	689	10	10	0	0	60s	100	1	6784
m	881	739	10	10	0	0	60s	100	1	6784
m	892	757	10	10	0	0	60s	100	1	6784
m	892	779	10	10	0	0	60s	100	1	6784
m	894	805	10	10	0	0	60s	100	1	6784
m	896	840	10	10	0	0	60s	100	1	6784
m	895	864	10	10	0	0	60s	100	1	6784
m	892	880	10	10	0	0	60s	100	1	6784
m	888	912	10	10	0	0	60s	100	1	6784
m	896	952	10	10	0	0	60s	100	1	6784
m	893	989	10	10	0	0	60s	100	1	6784
m	897	1020	10	10	0	0	60s	100	1	6784
m	903	1028	10	10	0	0	60s	100	1	6784
m	941	1027	10	10	0	0	60s	100	1	6784
m	952	1059	10	10	0	0	60s	100	1	6784
m	952	1075	10	10	0	0	60s	100	1	6784
m	949	682	10	10	0	0	60s	100	1	6784
m	1004	681	10	10	0	0	60s	100	1	6784
m	1014	694	10	10	0	0	60s	100	1	6784
m	1019	710	10	10	0	0	60s	100	1	6784
m	1019	743	10	10	0	0	60s	100	1	6784
m	1021	761	10	10	0	0	60s	100	1	6784
m	981	783	10	10	0	0	60s	100	1	6784
m	957	789	10	10	0	0	60s	100	1	6784
m	962	848	10	10	0	0	60s	100	1	6784
m	966	889	10	10	0	0	60s	100	1	6784
m	967	822	10	10	0	0	60s	100	1	6784
m	964	907	10	10	0	0	60s	100	1	6784
m	986	926	10	10	0	0	60s	100	1	6784
m	1026	923	10	10	0	0	60s	100	1	6784
m	1022	955	10	10	0	0	60s	100	1	6784
m	1025	991	10	10	0	0	60s	100	1	6784
m	1028	1020	10	10	0	0	60s	100	1	6784
m	1026	1061	10	10	0	0	60s	100	1	6784
m	1028	1094	10	10	0	0	60s	100	1	6784
m	1028	1119	10	10	0	0	60s	100	1	6784
m	1027	1151	10	10	0	0	60s	100	1	6784
m	1029	1167	10	10	0	0	60s	100	1	6784
m	1048	1216	10	10	0	0	60s	100	1	6784
m	998	1211	10	10	0	0	60s	100	1	6784
m	1004	1179	10	10	0	0	60s	100	1	6784
m	1051	1221	10	10	0	0	60s	100	1	6784
m	1011	1227	10	10	0	0	60s	100	1	6784
m	1048	1189	10	10	0	0	60s	100	1	6784
m	1034	1194	10	10	0	0	60s	100	1	6784
m	1018	1208	10	10	0	0	60s	100	1	6784
m	1018	1175	10	10	0	0	60s	100	1	6784
m	1034	1230	10	10	0	0	60s	100	1	6784
m	948	1333	10	10	0	0	60s	100	1	6784
m	988	1335	10	10	0	0	60s	100	1	6784
m	1047	1338	10	10	0	0	60s	100	1	6784
m	1078	1336	10	10	0	0	60s	100	1	6784
m	1099	1336	10	10	0	0	60s	100	1	6784
m	1114	1314	10	10	0	0	60s	100	1	6784
m	1118	1258	10	10	0	0	60s	100	1	6784
m	1113	1206	10	10	0	0	60s	100	1	6784
m	1113	1164	10	10	0	0	60s	100	1	6784
m	1111	1125	10	10	0	0	60s	100	1	6784
m	1108	1080	10	10	0	0	60s	100	1	6784
m	1121	1052	10	10	0	0	60s	100	1	6784
m	1112	998	10	10	0	0	60s	100	1	6784
m	1111	966	10	10	0	0	60s	100	1	6784
m	1107	918	10	10	0	0	60s	100	1	6784
m	1107	887	10	10	0	0	60s	100	1	6784
m	1107	866	10	10	0	0	60s	100	1	6784
m	1124	846	10	10	0	0	60s	100	1	6784
m	1129	828	10	10	0	0	60s	100	1	6784
m	1128	821	10	10	0	0	60s	100	1	6784
m	1099	814	10	10	0	0	60s	100	1	6784
m	1094	838	10	10	0	0	60s	100	1	6784
m	1120	841	10	10	0	0	60s	100	1	6784
m	1118	822	10	10	0	0	60s	100	1	6784
m	1119	774	10	10	0	0	60s	100	1	6784
m	1119	747	10	10	0	0	60s	100	1	6784
m	1113	701	10	10	0	0	60s	100	1	6784
m	1113	640	10	10	0	0	60s	100	1	6784
m	1105	617	10	10	0	0	60s	100	1	6784
m	1061	598	10	10	0	0	60s	100	1	6784
m	1051	565	10	10	0	0	60s	100	1	6784
m	1056	520	10	10	0	0	60s	100	1	6784
m	1048	484	10	10	0	0	60s	100	1	6784
m	1052	444	10	10	0	0	60s	100	1	6784
m	1052	425	10	10	0	0	60s	100	1	6784
m	1112	349	10	10	0	0	60s	100	1	6784
m	1146	353	10	10	0	0	60s	100	1	6784
m	1180	352	10	10	0	0	60s	100	1	6784
m	1201	353	10	10	0	0	60s	100	1	6784
m	1220	369	10	10	0	0	60s	100	1	6784
m	1221	401	10	10	0	0	60s	100	1	6784
m	1222	437	10	10	0	0	60s	100	1	6784
m	1214	475	10	10	0	0	60s	100	1	6784
m	1213	520	10	10	0	0	60s	100	1	6784
m	1219	558	10	10	0	0	60s	100	1	6784
m	1218	606	10	10	0	0	60s	100	1	6784
m	1217	644	10	10	0	0	60s	100	1	6784
m	1231	669	10	10	0	0	60s	100	1	6784
m	1248	650	10	10	0	0	60s	100	1	6784
m	1209	650	10	10	0	0	60s	100	1	6784
m	1207	679	10	10	0	0	60s	100	1	6784
m	1227	687	10	10	0	0	60s	100	1	6784
m	1243	680	10	10	0	0	60s	100	1	6784
m	1237	659	10	10	0	0	60s	100	1	6784
m	1206	671	10	10	0	0	60s	100	1	6784
m	1230	693	10	10	0	0	60s	100	1	6784
m	1230	667	10	10	0	0	60s	100	1	6784
m	1209	668	10	10	0	0	60s	100	1	6784
m	1196	651	10	10	0	0	60s	100	1	6784
m	1198	688	10	10	0	0	60s	100	1	6784
m	1211	699	10	10	0	0	60s	100	1	6784
m	1250	661	10	10	0	0	60s	100	1	6784
m	1220	725	10	10	0	0	60s	100	1	6784
m	1212	755	10	10	0	0	60s	100	1	6784
m	1204	789	10	10	0	0	60s	100	1	6784
m	1210	805	10	10	0	0	60s	100	1	6784
m	1216	824	10	10	0	0	60s	100	1	6784
m	1209	873	10	10	0	0	60s	100	1	6784
m	1220	843	10	10	0	0	60s	100	1	6784
m	1220	908	10	10	0	0	60s	100	1	6784
m	1212	943	10	10	0	0	60s	100	1	6784
m	1253	964	10	10	0	0	60s	100	1	6784
m	1252	946	10	10	0	0	60s	100	1	6784
m	1227	959	10	10	0	0	60s	100	1	6784
m	1199	983	10	10	0	0	60s	100	1	6784
m	1192	946	10	10	0	0	60s	100	1	6784
m	1221	972	10	10	0	0	60s	100	1	6784
m	1245	983	10	10	0	0	60s	100	1	6784
m	1250	959	10	10	0	0	60s	100	1	6784
m	1214	967	10	10	0	0	60s	100	1	6784
m	1203	959	10	10	0	0	60s	100	1	6784
m	1218	949	10	10	0	0	60s	100	1	6784
m	1345	873	10	10	0	0	60s	100	1	6784
m	1368	888	10	10	0	0	60s	100	1	6784
m	1371	848	10	10	0	0	60s	100	1	6784
m	1352	832	10	10	0	0	60s	100	1	6784
m	1327	847	10	10	0	0	60s	100	1	6784
m	1336	867	10	10	0	0	60s	100	1	6784
m	1367	862	10	10	0	0	60s	100	1	6784
m	1355	849	10	10	0	0	60s	100	1	6784
m	1377	878	10	10	0	0	60s	100	1	6784
m	1341	880	10	10	0	0	60s	100	1	6784
m	1356	805	10	10	0	0	60s	100	1	6784
m	1351	763	10	10	0	0	60s	100	1	6784
m	1352	717	10	10	0	0	60s	100	1	6784
m	1352	678	10	10	0	0	60s	100	1	6784
m	1333	665	10	10	0	0	60s	100	1	6784
m	1286	673	10	10	0	0	60s	100	1	6784
m	1273	667	10	10	0	0	60s	100	1	6784
m	1273	667	10	10	0	0	60s	100	1	6784
m	1280	957	10	10	0	0	60s	100	1	6784
m	1324	958	10	10	0	0	60s	100	1	6784
m	1348	960	10	10	0	0	60s	100	1	6784
m	1348	986	10	10	0	0	60s	100	1	6784
m	1351	1013	10	10	0	0	60s	100	1	6784
m	1344	1045	10	10	0	0	60s	100	1	6784
m	1343	1070	10	10	0	0	60s	100	1	6784
m	1325	1083	10	10	0	0	60s	100	1	6784
m	1273	1089	10	10	0	0	60s	100	1	6784
m	1219	1085	10	10	0	0	60s	100	1	6784
m	1208	1077	10	10	0	0	60s	100	1	6784
m	1191	1079	10	10	0	0	60s	100	1	6784
m	1246	1079	10	10	0	0	60s	100	1	6784
m	1228	1171	10	10	0	0	60s	100	1	6784
m	1262	1171	10	10	0	0	60s	100	1	6784
m	1299	1160	10	10	0	0	60s	100	1	6784
m	1332	1170	10	10	0	0	60s	100	1	6784
m	1369	1170	10	10	0	0	60s	100	1	6784
m	1384	1170	10	10	0	0	60s	100	1	6784
m	1224	1183	10	10	0	0	60s	100	1	6784
m	1236	1228	10	10	0	0	60s	100	1	6784
m	1228	1247	10	10	0	0	60s	100	1	6784
m	1228	1296	10	10	0	0	60s	100	1	6784
m	1257	1261	10	10	0	0	60s	100	1	6784
m	1304	1255	10	10	0	0	60s	100	1	6784
m	1344	1257	10	10	0	0	60s	100	1	6784
m	1386	1261	10	10	0	0	60s	100	1	6784
m	1402	1259	10	10	0	0	60s	100	1	6784
m	1231	1327	10	10	0	0	60s	100	1	6784
m	1239	1367	10	10	0	0	60s	100	1	6784
m	1224	1371	10	10	0	0	60s	100	1	6784
m	1228	1421	10	10	0	0	60s	100	1	6784
m	1226	1443	10	10	0	0	60s	100	1	6784
m	1226	1475	10	10	0	0	60s	100	1	6784
m	1274	1473	10	10	0	0	60s	100	1	6784
m	1304	1472	10	10	0	0	60s	100	1	6784
m	1342	1466	10	10	0	0	60s	100	1	6784
m	1264	1349	10	10	0	0	60s	100	1	6784
m	1308	1350	10	10	0	0	60s	100	1	6784
m	1361	1350	10	10	0	0	60s	100	1	6784
m	1400	1353	10	10	0	0	60s	100	1	6784
m	1457	1353	10	10	0	0	60s	100	1	6784
m	1473	1325	10	10	0	0	60s	100	1	6784
m	1483	1344	10	10	0	0	60s	100	1	6784
m	1477	1374	10	10	0	0	60s	100	1	6784
m	1512	1374	10	10	0	0	60s	100	1	6784
m	1511	1345	10	10	0	0	60s	100	1	6784
m	1483	1345	10	10	0	0	60s	100	1	6784
m	1461	1355	10	10	0	0	60s	100	1	6784
m	1484	1366	10	10	0	0	60s	100	1	6784
m	1492	1335	10	10	0	0	60s	100	1	6784
m	1489	1317	10	10	0	0	60s	100	1	6784
m	1476	1283	10	10	0	0	60s	100	1	6784
m	1477	1247	10	10	0	0	60s	100	1	6784
m	1479	1208	10	10	0	0	60s	100	1	6784
m	1477	1148	10	10	0	0	60s	100	1	6784
m	1477	1094	10	10	0	0	60s	100	1	6784
m	1476	1061	10	10	0	0	60s	100	1	6784
m	1469	1005	10	10	0	0	60s	100	1	6784
m	1474	991	10	10	0	0	60s	100	1	6784
m	1488	964	10	10	0	0	60s	100	1	6784
m	1461	936	10	10	0	0	60s	100	1	6784
m	1452	959	10	10	0	0	60s	100	1	6784
m	1492	972	10	10	0	0	60s	100	1	6784
m	1507	988	10	10	0	0	60s	100	1	6784
m	1483	953	10	10	0	0	60s	100	1	6784
m	1514	952	10	10	0	0	60s	100	1	6784
m	1482	956	10	10	0	0	60s	100	1	6784
m	1474	979	10	10	0	0	60s	100	1	6784
m	1480	893	10	10	0	0	60s	100	1	6784
m	1480	852	10	10	0	0	60s	100	1	6784
m	1482	817	10	10	0	0	60s	100	1	6784
m	1482	785	10	10	0	0	60s	100	1	6784
m	1478	758	10	10	0	0	60s	100	1	6784
m	1478	726	10	10	0	0	60s	100	1	6784
m	1480	684	10	10	0	0	60s	100	1	6784
m	1478	645	10	10	0	0	60s	100	1	6784
m	1477	609	10	10	0	0	60s	100	1	6784
m	1477	583	10	10	0	0	60s	100	1	6784
m	1476	549	10	10	0	0	60s	100	1	6784
m	1484	524	10	10	0	0	60s	100	1	6784
m	1498	508	10	10	0	0	60s	100	1	6784
m	1506	517	10	10	0	0	60s	100	1	6784
m	1506	532	10	10	0	0	60s	100	1	6784
m	1472	513	10	10	0	0	60s	100	1	6784
m	1484	495	10	10	0	0	60s	100	1	6784
m	1435	508	10	10	0	0	60s	100	1	6784
m	1448	528	10	10	0	0	60s	100	1	6784
m	1470	515	10	10	0	0	60s	100	1	6784
m	1388	512	10	10	0	0	60s	100	1	6784
m	1352	516	10	10	0	0	60s	100	1	6784
m	1318	519	10	10	0	0	60s	100	1	6784
m	1319	490	10	10	0	0	60s	100	1	6784
m	1317	442	10	10	0	0	60s	100	1	6784
m	1316	412	10	10	0	0	60s	100	1	6784
m	1317	379	10	10	0	0	60s	100	1	6784
m	1313	346	10	10	0	0	60s	100	1	6784
m	1320	309	10	10	0	0	60s	100	1	6784
m	1319	264	10	10	0	0	60s	100	1	6784
m	1318	244	10	10	0	0	60s	100	1	6784
m	1288	243	10	10	0	0	60s	100	1	6784
m	1320	222	10	10	0	0	60s	100	1	6784
m	1355	230	10	10	0	0	60s	100	1	6784
m	1350	244	10	10	0	0	60s	100	1	6784
m	1323	209	10	10	0	0	60s	100	1	6784
m	1309	237	10	10	0	0	60s	100	1	6784
m	1355	263	10	10	0	0	60s	100	1	6784
m	1335	230	10	10	0	0	60s	100	1	6784
m	1296	226	10	10	0	0	60s	100	1	6784
m	1397	245	10	10	0	0	60s	100	1	6784
m	1429	234	10	10	0	0	60s	100	1	6784
m	1459	241	10	10	0	0	60s	100	1	6784
m	1480	236	10	10	0	0	60s	100	1	6784
m	1491	287	10	10	0	0	60s	100	1	6784
m	1485	313	10	10	0	0	60s	100	1	6784
m	1485	343	10	10	0	0	60s	100	1	6784
m	1486	375	10	10	0	0	60s	100	1	6784
m	1483	413	10	10	0	0	60s	100	1	6784
m	1484	448	10	10	0	0	60s	100	1	6784
m	1476	473	10	10	0	0	60s	100	1	6784
m	1479	161	10	10	0	0	60s	100	1	6784
m	1479	122	10	10	0	0	60s	100	1	6784
m	1508	100	10	10	0	0	60s	100	1	6784
m	1500	85	10	10	0	0	60s	100	1	6784
m	1465	95	10	10	0	0	60s	100	1	6784
m	1468	112	10	10	0	0	60s	100	1	6784
m	1472	82	10	10	0	0	60s	100	1	6784
m	1503	98	10	10	0	0	60s	100	1	6784
m	1496	121	10	10	0	0	60s	100	1	6784
m	1515	135	10	10	0	0	60s	100	1	6784
m	1484	112	10	10	0	0	60s	100	1	6784
m	1452	109	10	10	0	0	60s	100	1	6784
m	1449	128	10	10	0	0	60s	100	1	6784
m	1479	109	10	10	0	0	60s	100	1	6784
m	1489	104	10	10	0	0	60s	100	1	6784
m	1499	101	10	10	0	0	60s	100	1	6784
m	252	188	10	10	0	0	60s	100	1	6785
m	257	209	10	10	0	0	60s	100	1	6785
m	228	193	10	10	0	0	60s	100	1	6785
m	252	168	10	10	0	0	60s	100	1	6785
m	225	195	10	10	0	0	60s	100	1	6785
m	196	198	10	10	0	0	60s	100	1	6785
m	211	226	10	10	0	0	60s	100	1	6785
m	231	260	10	10	0	0	60s	100	1	6785
m	228	281	10	10	0	0	60s	100	1	6785
m	228	321	10	10	0	0	60s	100	1	6785
m	241	372	10	10	0	0	60s	100	1	6785
m	231	394	10	10	0	0	60s	100	1	6785
m	236	416	10	10	0	0	60s	100	1	6785
m	239	459	10	10	0	0	60s	100	1	6785
m	228	492	10	10	0	0	60s	100	1	6785
m	244	524	10	10	0	0	60s	100	1	6785
m	232	551	10	10	0	0	60s	100	1	6785
m	188	562	10	10	0	0	60s	100	1	6785
m	149	546	10	10	0	0	60s	100	1	6785
m	298	541	10	10	0	0	60s	100	1	6785
m	288	573	10	10	0	0	60s	100	1	6785
m	303	513	10	10	0	0	60s	100	1	6785
m	294	458	10	10	0	0	60s	100	1	6785
m	297	409	10	10	0	0	60s	100	1	6785
m	294	368	10	10	0	0	60s	100	1	6785
m	300	326	10	10	0	0	60s	100	1	6785
m	312	304	10	10	0	0	60s	100	1	6785
m	344	305	10	10	0	0	60s	100	1	6785
m	402	304	10	10	0	0	60s	100	1	6785
m	444	295	10	10	0	0	60s	100	1	6785
m	454	315	10	10	0	0	60s	100	1	6785
m	536	302	10	10	0	0	60s	100	1	6785
m	540	301	10	10	0	0	60s	100	1	6785
m	550	324	10	10	0	0	60s	100	1	6785
m	600	312	10	10	0	0	60s	100	1	6785
m	576	294	10	10	0	0	60s	100	1	6785
m	539	307	10	10	0	0	60s	100	1	6785
m	536	318	10	10	0	0	60s	100	1	6785
m	390	218	10	10	0	0	60s	100	1	6785
m	396	187	10	10	0	0	60s	100	1	6785
m	419	200	10	10	0	0	60s	100	1	6785
m	401	220	10	10	0	0	60s	100	1	6785
m	380	192	10	10	0	0	60s	100	1	6785
m	379	187	10	10	0	0	60s	100	1	6785
m	373	212	10	10	0	0	60s	100	1	6785
m	379	242	10	10	0	0	60s	100	1	6785
m	419	224	10	10	0	0	60s	100	1	6785
m	432	208	10	10	0	0	60s	100	1	6785
m	483	209	10	10	0	0	60s	100	1	6785
m	559	210	10	10	0	0	60s	100	1	6785
m	610	207	10	10	0	0	60s	100	1	6785
m	660	209	10	10	0	0	60s	100	1	6785
m	736	203	10	10	0	0	60s	100	1	6785
m	756	218	10	10	0	0	60s	100	1	6785
m	763	232	10	10	0	0	60s	100	1	6785
m	772	276	10	10	0	0	60s	100	1	6785
m	775	309	10	10	0	0	60s	100	1	6785
m	774	348	10	10	0	0	60s	100	1	6785
m	830	360	10	10	0	0	60s	100	1	6785
m	832	323	10	10	0	0	60s	100	1	6785
m	825	122	10	10	0	0	60s	100	1	6785
m	852	101	10	10	0	0	60s	100	1	6785
m	827	81	10	10	0	0	60s	100	1	6785
m	818	90	10	10	0	0	60s	100	1	6785
m	825	132	10	10	0	0	60s	100	1	6785
m	973	350	10	10	0	0	60s	100	1	6785
m	1016	355	10	10	0	0	60s	100	1	6785
m	1049	321	10	10	0	0	60s	100	1	6785
m	1052	343	10	10	0	0	60s	100	1	6785
m	1084	373	10	10	0	0	60s	100	1	6785
m	1044	385	10	10	0	0	60s	100	1	6785
m	1042	385	10	10	0	0	60s	100	1	6785
m	975	236	10	10	0	0	60s	100	1	6785
m	999	206	10	10	0	0	60s	100	1	6785
m	996	263	10	10	0	0	60s	100	1	6785
m	972	256	10	10	0	0	60s	100	1	6785
m	1017	234	10	10	0	0	60s	100	1	6785
m	1205	109	10	10	0	0	60s	100	1	6785
m	1220	73	10	10	0	0	60s	100	1	6785
m	1245	83	10	10	0	0	60s	100	1	6785
m	1244	105	10	10	0	0	60s	100	1	6785
m	1211	122	10	10	0	0	60s	100	1	6785
m	1227	153	10	10	0	0	60s	100	1	6785
m	1212	204	10	10	0	0	60s	100	1	6785
m	1213	231	10	10	0	0	60s	100	1	6785
m	1109	249	10	10	0	0	60s	100	1	6785
m	891	691	10	10	0	0	60s	100	1	6785
m	923	679	10	10	0	0	60s	100	1	6785
m	893	663	10	10	0	0	60s	100	1	6785
m	876	699	10	10	0	0	60s	100	1	6785
m	896	718	10	10	0	0	60s	100	1	6785
m	884	635	10	10	0	0	60s	100	1	6785
m	893	584	10	10	0	0	60s	100	1	6785
m	893	535	10	10	0	0	60s	100	1	6785
m	901	481	10	10	0	0	60s	100	1	6785
m	880	459	10	10	0	0	60s	100	1	6785
m	834	481	10	10	0	0	60s	100	1	6785
m	826	526	10	10	0	0	60s	100	1	6785
m	808	538	10	10	0	0	60s	100	1	6785
m	778	548	10	10	0	0	60s	100	1	6785
m	773	597	10	10	0	0	60s	100	1	6785
m	769	656	10	10	0	0	60s	100	1	6785
m	691	844	10	10	0	0	60s	100	1	6785
m	720	872	10	10	0	0	60s	100	1	6785
m	689	881	10	10	0	0	60s	100	1	6785
m	728	830	10	10	0	0	60s	100	1	6785
m	697	799	10	10	0	0	60s	100	1	6785
m	713	768	10	10	0	0	60s	100	1	6785
m	710	713	10	10	0	0	60s	100	1	6785
m	721	630	10	10	0	0	60s	100	1	6785
m	714	581	10	10	0	0	60s	100	1	6785
m	708	539	10	10	0	0	60s	100	1	6785
m	633	638	10	10	0	0	60s	100	1	6785
m	633	689	10	10	0	0	60s	100	1	6785
m	640	702	10	10	0	0	60s	100	1	6785
m	630	638	10	10	0	0	60s	100	1	6785
m	569	621	10	10	0	0	60s	100	1	6785
m	547	642	10	10	0	0	60s	100	1	6785
m	552	707	10	10	0	0	60s	100	1	6785
m	544	753	10	10	0	0	60s	100	1	6785
m	540	818	10	10	0	0	60s	100	1	6785
m	547	862	10	10	0	0	60s	100	1	6785
m	613	872	10	10	0	0	60s	100	1	6785
m	703	849	10	10	0	0	60s	100	1	6785
m	710	891	10	10	0	0	60s	100	1	6785
m	478	1006	10	10	0	0	60s	100	1	6785
m	462	992	10	10	0	0	60s	100	1	6785
m	443	1029	10	10	0	0	60s	100	1	6785
m	472	1070	10	10	0	0	60s	100	1	6785
m	470	1027	10	10	0	0	60s	100	1	6785
m	416	1027	10	10	0	0	60s	100	1	6785
m	203	1035	10	10	0	0	60s	100	1	6785
m	210	1080	10	10	0	0	60s	100	1	6785
m	216	1049	10	10	0	0	60s	100	1	6785
m	211	1017	10	10	0	0	60s	100	1	6785
m	156	1010	10	10	0	0	60s	100	1	6785
m	183	1059	10	10	0	0	60s	100	1	6785
m	213	1004	10	10	0	0	60s	100	1	6785
m	190	879	10	10	0	0	60s	100	1	6785
m	216	878	10	10	0	0	60s	100	1	6785
m	221	844	10	10	0	0	60s	100	1	6785
m	189	849	10	10	0	0	60s	100	1	6785
m	174	886	10	10	0	0	60s	100	1	6785
m	186	912	10	10	0	0	60s	100	1	6785
m	191	1167	10	10	0	0	60s	100	1	6785
m	181	1176	10	10	0	0	60s	100	1	6785
m	178	1202	10	10	0	0	60s	100	1	6785
m	203	1203	10	10	0	0	60s	100	1	6785
m	212	1166	10	10	0	0	60s	100	1	6785
m	182	1167	10	10	0	0	60s	100	1	6785
m	72	1335	10	10	0	0	60s	100	1	6785
m	66	1317	10	10	0	0	60s	100	1	6785
m	36	1338	10	10	0	0	60s	100	1	6785
m	67	1371	10	10	0	0	60s	100	1	6785
m	80	1335	10	10	0	0	60s	100	1	6785
m	81	1327	10	10	0	0	60s	100	1	6785
m	346	1324	10	10	0	0	60s	100	1	6785
m	370	1304	10	10	0	0	60s	100	1	6785
m	380	1328	10	10	0	0	60s	100	1	6785
m	336	1344	10	10	0	0	60s	100	1	6785
m	374	1365	10	10	0	0	60s	100	1	6785
m	388	1344	10	10	0	0	60s	100	1	6785
m	432	1203	10	10	0	0	60s	100	1	6785
m	467	1181	10	10	0	0	60s	100	1	6785
m	461	1141	10	10	0	0	60s	100	1	6785
m	450	1154	10	10	0	0	60s	100	1	6785
m	486	1191	10	10	0	0	60s	100	1	6785
m	535	1183	10	10	0	0	60s	100	1	6785
m	572	1188	10	10	0	0	60s	100	1	6785
m	604	1186	10	10	0	0	60s	100	1	6785
m	695	1182	10	10	0	0	60s	100	1	6785
m	693	1125	10	10	0	0	60s	100	1	6785
m	590	1081	10	10	0	0	60s	100	1	6785
m	591	1028	10	10	0	0	60s	100	1	6785
m	594	1018	10	10	0	0	60s	100	1	6785
m	738	1322	10	10	0	0	60s	100	1	6785
m	756	1326	10	10	0	0	60s	100	1	6785
m	769	1352	10	10	0	0	60s	100	1	6785
m	800	1323	10	10	0	0	60s	100	1	6785
m	759	1299	10	10	0	0	60s	100	1	6785
m	741	1349	10	10	0	0	60s	100	1	6785
m	771	1356	10	10	0	0	60s	100	1	6785
m	941	1333	10	10	0	0	60s	100	1	6785
m	918	1303	10	10	0	0	60s	100	1	6785
m	891	1319	10	10	0	0	60s	100	1	6785
m	882	1349	10	10	0	0	60s	100	1	6785
m	852	1347	10	10	0	0	60s	100	1	6785
m	866	1358	10	10	0	0	60s	100	1	6785
m	884	1379	10	10	0	0	60s	100	1	6785
m	903	1367	10	10	0	0	60s	100	1	6785
m	916	1326	10	10	0	0	60s	100	1	6785
m	884	1298	10	10	0	0	60s	100	1	6785
m	887	1252	10	10	0	0	60s	100	1	6785
m	887	1203	10	10	0	0	60s	100	1	6785
m	887	1164	10	10	0	0	60s	100	1	6785
m	1018	1192	10	10	0	0	60s	100	1	6785
m	1047	1217	10	10	0	0	60s	100	1	6785
m	1037	1206	10	10	0	0	60s	100	1	6785
m	1026	1184	10	10	0	0	60s	100	1	6785
m	1044	1185	10	10	0	0	60s	100	1	6785
m	1010	1207	10	10	0	0	60s	100	1	6785
m	1001	1241	10	10	0	0	60s	100	1	6785
m	1028	1145	10	10	0	0	60s	100	1	6785
m	1017	1082	10	10	0	0	60s	100	1	6785
m	1023	1040	10	10	0	0	60s	100	1	6785
m	1024	988	10	10	0	0	60s	100	1	6785
m	1025	950	10	10	0	0	60s	100	1	6785
m	980	918	10	10	0	0	60s	100	1	6785
m	962	882	10	10	0	0	60s	100	1	6785
m	971	834	10	10	0	0	60s	100	1	6785
m	1104	838	10	10	0	0	60s	100	1	6785
m	1121	796	10	10	0	0	60s	100	1	6785
m	1092	797	10	10	0	0	60s	100	1	6785
m	1130	832	10	10	0	0	60s	100	1	6785
m	1116	863	10	10	0	0	60s	100	1	6785
m	1144	881	10	10	0	0	60s	100	1	6785
m	1115	936	10	10	0	0	60s	100	1	6785
m	1109	971	10	10	0	0	60s	100	1	6785
m	1111	1013	10	10	0	0	60s	100	1	6785
m	1114	1075	10	10	0	0	60s	100	1	6785
m	1116	1133	10	10	0	0	60s	100	1	6785
m	1123	1251	10	10	0	0	60s	100	1	6785
m	1120	1302	10	10	0	0	60s	100	1	6785
m	1106	1324	10	10	0	0	60s	100	1	6785
m	936	1341	10	10	0	0	60s	100	1	6785
m	889	1343	10	10	0	0	60s	100	1	6785
m	875	1361	10	10	0	0	60s	100	1	6785
m	361	1352	10	10	0	0	60s	100	1	6785
m	358	1312	10	10	0	0	60s	100	1	6785
m	339	1316	10	10	0	0	60s	100	1	6785
m	92	1343	10	10	0	0	60s	100	1	6785
m	81	1322	10	10	0	0	60s	100	1	6785
m	1217	950	10	10	0	0	60s	100	1	6785
m	1229	994	10	10	0	0	60s	100	1	6785
m	1226	957	10	10	0	0	60s	100	1	6785
m	1235	983	10	10	0	0	60s	100	1	6785
m	1197	1004	10	10	0	0	60s	100	1	6785
m	1204	954	10	10	0	0	60s	100	1	6785
m	1235	938	10	10	0	0	60s	100	1	6785
m	1219	937	10	10	0	0	60s	100	1	6785
m	1192	970	10	10	0	0	60s	100	1	6785
m	1196	978	10	10	0	0	60s	100	1	6785
m	473	1019	10	10	0	0	60s	100	1	6785
m	468	995	10	10	0	0	60s	100	1	6785
m	435	1018	10	10	0	0	60s	100	1	6785
m	469	1047	10	10	0	0	60s	100	1	6785
m	464	1048	10	10	0	0	60s	100	1	6785
m	1216	678	10	10	0	0	60s	100	1	6785
m	1248	674	10	10	0	0	60s	100	1	6785
m	1229	706	10	10	0	0	60s	100	1	6785
m	1213	654	10	10	0	0	60s	100	1	6785
m	1178	648	10	10	0	0	60s	100	1	6785
m	1192	674	10	10	0	0	60s	100	1	6785
m	1226	652	10	10	0	0	60s	100	1	6785
m	1239	666	10	10	0	0	60s	100	1	6785
m	1343	865	10	10	0	0	60s	100	1	6785
m	1367	836	10	10	0	0	60s	100	1	6785
m	1327	839	10	10	0	0	60s	100	1	6785
m	1351	865	10	10	0	0	60s	100	1	6785
m	1380	844	10	10	0	0	60s	100	1	6785
m	1369	878	10	10	0	0	60s	100	1	6785
m	1330	871	10	10	0	0	60s	100	1	6785
m	1337	834	10	10	0	0	60s	100	1	6785
m	1339	831	10	10	0	0	60s	100	1	6785
m	1350	853	10	10	0	0	60s	100	1	6785
m	1494	961	10	10	0	0	60s	100	1	6785
m	1513	923	10	10	0	0	60s	100	1	6785
m	1477	936	10	10	0	0	60s	100	1	6785
m	1487	955	10	10	0	0	60s	100	1	6785
m	1434	957	10	10	0	0	60s	100	1	6785
m	1462	984	10	10	0	0	60s	100	1	6785
m	1502	999	10	10	0	0	60s	100	1	6785
m	1514	947	10	10	0	0	60s	100	1	6785
m	1461	957	10	10	0	0	60s	100	1	6785
m	1468	992	10	10	0	0	60s	100	1	6785
m	1506	973	10	10	0	0	60s	100	1	6785
m	1492	969	10	10	0	0	60s	100	1	6785
m	1468	961	10	10	0	0	60s	100	1	6785
m	1472	512	10	10	0	0	60s	100	1	6785
m	1510	507	10	10	0	0	60s	100	1	6785
m	1476	504	10	10	0	0	60s	100	1	6785
m	1471	492	10	10	0	0	60s	100	1	6785
m	1453	508	10	10	0	0	60s	100	1	6785
m	1460	539	10	10	0	0	60s	100	1	6785
m	1471	520	10	10	0	0	60s	100	1	6785
m	1497	547	10	10	0	0	60s	100	1	6785
m	1476	571	10	10	0	0	60s	100	1	6785
m	1476	592	10	10	0	0	60s	100	1	6785
m	1480	640	10	10	0	0	60s	100	1	6785
m	1475	676	10	10	0	0	60s	100	1	6785
m	1469	712	10	10	0	0	60s	100	1	6785
m	1484	751	10	10	0	0	60s	100	1	6785
m	1484	787	10	10	0	0	60s	100	1	6785
m	1482	822	10	10	0	0	60s	100	1	6785
m	1340	241	10	10	0	0	60s	100	1	6785
m	1332	229	10	10	0	0	60s	100	1	6785
m	1299	229	10	10	0	0	60s	100	1	6785
m	1309	275	10	10	0	0	60s	100	1	6785
m	1344	238	10	10	0	0	60s	100	1	6785
m	1327	213	10	10	0	0	60s	100	1	6785
m	1297	225	10	10	0	0	60s	100	1	6785
m	1301	249	10	10	0	0	60s	100	1	6785
m	1300	206	10	10	0	0	60s	100	1	6785
m	1334	242	10	10	0	0	60s	100	1	6785
m	1337	262	10	10	0	0	60s	100	1	6785
m	1327	281	10	10	0	0	60s	100	1	6785
m	1313	337	10	10	0	0	60s	100	1	6785
m	1312	378	10	10	0	0	60s	100	1	6785
m	1309	456	10	10	0	0	60s	100	1	6785
m	1318	493	10	10	0	0	60s	100	1	6785
m	1328	520	10	10	0	0	60s	100	1	6785
m	1492	129	10	10	0	0	60s	100	1	6785
m	1504	95	10	10	0	0	60s	100	1	6785
m	1465	90	10	10	0	0	60s	100	1	6785
m	1444	104	10	10	0	0	60s	100	1	6785
m	1464	80	10	10	0	0	60s	100	1	6785
m	1507	97	10	10	0	0	60s	100	1	6785
m	1486	127	10	10	0	0	60s	100	1	6785
m	1457	92	10	10	0	0	60s	100	1	6785
m	1493	83	10	10	0	0	60s	100	1	6785
m	1480	80	10	10	0	0	60s	100	1	6785
m	1482	100	10	10	0	0	60s	100	1	6785
m	1228	130	10	10	0	0	60s	100	1	6785
m	1243	94	10	10	0	0	60s	100	1	6785
m	1219	96	10	10	0	0	60s	100	1	6785
m	1196	121	10	10	0	0	60s	100	1	6785
m	1195	86	10	10	0	0	60s	100	1	6785
m	1209	68	10	10	0	0	60s	100	1	6785
m	1258	85	10	10	0	0	60s	100	1	6785
m	1211	90	10	10	0	0	60s	100	1	6785
m	1216	122	10	10	0	0	60s	100	1	6785
m	1180	107	10	10	0	0	60s	100	1	6785
m	1207	121	10	10	0	0	60s	100	1	6785
m	1159	105	10	10	0	0	60s	100	1	6785
m	1119	105	10	10	0	0	60s	100	1	6785
m	1119	105	10	10	0	0	60s	100	1	6785
m	1054	106	10	10	0	0	60s	100	1	6785
m	1006	104	10	10	0	0	60s	100	1	6785
m	944	107	10	10	0	0	60s	100	1	6785
m	877	110	10	10	0	0	60s	100	1	6785
m	842	102	10	10	0	0	60s	100	1	6785
m	842	82	10	10	0	0	60s	100	1	6785
m	801	111	10	10	0	0	60s	100	1	6785
m	814	126	10	10	0	0	60s	100	1	6785
m	982	234	10	10	0	0	60s	100	1	6785
m	998	216	10	10	0	0	60s	100	1	6785
m	1016	212	10	10	0	0	60s	100	1	6785
m	987	239	10	10	0	0	60s	100	1	6785
m	968	205	10	10	0	0	60s	100	1	6785
m	981	245	10	10	0	0	60s	100	1	6785
m	990	278	10	10	0	0	60s	100	1	6785
m	1020	263	10	10	0	0	60s	100	1	6785
m	1012	228	10	10	0	0	60s	100	1	6785
m	974	235	10	10	0	0	60s	100	1	6785
m	967	258	10	10	0	0	60s	100	1	6785
m	1044	250	10	10	0	0	60s	100	1	6785
m	1080	234	10	10	0	0	60s	100	1	6785
m	1151	244	10	10	0	0	60s	100	1	6785
m	1189	235	10	10	0	0	60s	100	1	6785
m	1203	240	10	10	0	0	60s	100	1	6785
m	1060	356	10	10	0	0	60s	100	1	6785
m	1024	362	10	10	0	0	60s	100	1	6785
m	1057	404	10	10	0	0	60s	100	1	6785
m	1064	374	10	10	0	0	60s	100	1	6785
m	1075	396	10	10	0	0	60s	100	1	6785
m	1026	385	10	10	0	0	60s	100	1	6785
m	1032	366	10	10	0	0	60s	100	1	6785
m	1169	359	10	10	0	0	60s	100	1	6785
m	1215	362	10	10	0	0	60s	100	1	6785
m	582	305	10	10	0	0	60s	100	1	6785
m	553	330	10	10	0	0	60s	100	1	6785
m	555	288	10	10	0	0	60s	100	1	6785
m	421	221	10	10	0	0	60s	100	1	6785
m	372	239	10	10	0	0	60s	100	1	6785
m	400	186	10	10	0	0	60s	100	1	6785
m	428	177	10	10	0	0	60s	100	1	6785
m	413	186	10	10	0	0	60s	100	1	6785
m	387	183	10	10	0	0	60s	100	1	6785
m	393	211	10	10	0	0	60s	100	1	6785
m	402	231	10	10	0	0	60s	100	1	6785
m	200	210	10	10	0	0	60s	100	1	6785
m	216	236	10	10	0	0	60s	100	1	6785
m	240	201	10	10	0	0	60s	100	1	6785
m	222	186	10	10	0	0	60s	100	1	6785
m	240	205	10	10	0	0	60s	100	1	6785
m	283	193	10	10	0	0	60s	100	1	6785
m	249	197	10	10	0	0	60s	100	1	6785
m	240	174	10	10	0	0	60s	100	1	6785
m	234	191	10	10	0	0	60s	100	1	6785
m	230	231	10	10	0	0	60s	100	1	6785
m	245	247	10	10	0	0	60s	100	1	6785
m	212	231	10	10	0	0	60s	100	1	6785
m	257	209	10	10	0	0	60s	100	1	6785
m	284	228	10	10	0	0	60s	100	1	6785
m	273	204	10	10	0	0	60s	100	1	6785
m	266	204	10	10	0	0	60s	100	1	6785
m	211	202	10	10	0	0	60s	100	1	6785
m	220	226	10	10	0	0	60s	100	1	6785
m	219	186	10	10	0	0	60s	100	1	6785
m	204	180	10	10	0	0	60s	100	1	6785
m	184	875	10	10	0	0	60s	100	1	6785
m	222	893	10	10	0	0	60s	100	1	6785
m	196	843	10	10	0	0	60s	100	1	6785
m	173	872	10	10	0	0	60s	100	1	6785
m	188	891	10	10	0	0	60s	100	1	6785
m	187	903	10	10	0	0	60s	100	1	6785
m	205	906	10	10	0	0	60s	100	1	6785
m	178	900	10	10	0	0	60s	100	1	6785
m	152	900	10	10	0	0	60s	100	1	6785
m	206	1015	10	10	0	0	60s	100	1	6785
m	164	1002	10	10	0	0	60s	100	1	6785
m	184	1042	10	10	0	0	60s	100	1	6785
m	223	1029	10	10	0	0	60s	100	1	6785
m	193	1010	10	10	0	0	60s	100	1	6785
m	178	1030	10	10	0	0	60s	100	1	6785
m	181	1046	10	10	0	0	60s	100	1	6785
m	158	1036	10	10	0	0	60s	100	1	6785
m	203	1016	10	10	0	0	60s	100	1	6785
m	212	988	10	10	0	0	60s	100	1	6785
m	187	994	10	10	0	0	60s	100	1	6785
m	447	1027	10	10	0	0	60s	100	1	6785
m	465	999	10	10	0	0	60s	100	1	6785
m	481	1022	10	10	0	0	60s	100	1	6785
m	471	1028	10	10	0	0	60s	100	1	6785
m	444	1039	10	10	0	0	60s	100	1	6785
m	447	1047	10	10	0	0	60s	100	1	6785
m	449	1060	10	10	0	0	60s	100	1	6785
m	465	1197	10	10	0	0	60s	100	1	6785
m	490	1204	10	10	0	0	60s	100	1	6785
m	461	1159	10	10	0	0	60s	100	1	6785
m	409	1201	10	10	0	0	60s	100	1	6785
m	455	1223	10	10	0	0	60s	100	1	6785
m	481	1185	10	10	0	0	60s	100	1	6785
m	430	1172	10	10	0	0	60s	100	1	6785
m	440	1203	10	10	0	0	60s	100	1	6785
m	484	1188	10	10	0	0	60s	100	1	6785
m	488	1159	10	10	0	0	60s	100	1	6785
m	468	1163	10	10	0	0	60s	100	1	6785
m	450	1183	10	10	0	0	60s	100	1	6785
m	460	1196	10	10	0	0	60s	100	1	6785
m	445	1169	10	10	0	0	60s	100	1	6785
m	447	1186	10	10	0	0	60s	100	1	6785
m	177	1205	10	10	0	0	60s	100	1	6785
m	191	1173	10	10	0	0	60s	100	1	6785
m	215	1182	10	10	0	0	60s	100	1	6785
m	220	1158	10	10	0	0	60s	100	1	6785
m	195	1159	10	10	0	0	60s	100	1	6785
m	175	1154	10	10	0	0	60s	100	1	6785
m	173	1186	10	10	0	0	60s	100	1	6785
m	176	1203	10	10	0	0	60s	100	1	6785
m	104	1324	10	10	0	0	60s	100	1	6785
m	80	1309	10	10	0	0	60s	100	1	6785
m	64	1330	10	10	0	0	60s	100	1	6785
m	42	1356	10	10	0	0	60s	100	1	6785
m	47	1362	10	10	0	0	60s	100	1	6785
m	33	1311	10	10	0	0	60s	100	1	6785
m	335	1330	10	10	0	0	60s	100	1	6785
m	360	1329	10	10	0	0	60s	100	1	6785
m	362	1353	10	10	0	0	60s	100	1	6785
m	385	1335	10	10	0	0	60s	100	1	6785
m	359	1348	10	10	0	0	60s	100	1	6785
m	348	1367	10	10	0	0	60s	100	1	6785
m	370	1350	10	10	0	0	60s	100	1	6785
m	377	1342	10	10	0	0	60s	100	1	6785
m	460	1339	10	10	0	0	60s	100	1	6785
m	797	1335	10	10	0	0	60s	100	1	6785
m	785	1366	10	10	0	0	60s	100	1	6785
m	797	1362	10	10	0	0	60s	100	1	6785
m	799	1348	10	10	0	0	60s	100	1	6785
m	777	1321	10	10	0	0	60s	100	1	6785
m	767	1308	10	10	0	0	60s	100	1	6785
m	748	1327	10	10	0	0	60s	100	1	6785
m	748	1327	10	10	0	0	60s	100	1	6785
m	952	1320	10	10	0	0	60s	100	1	6785
m	911	1315	10	10	0	0	60s	100	1	6785
m	908	1304	10	10	0	0	60s	100	1	6785
m	884	1341	10	10	0	0	60s	100	1	6785
m	882	1315	10	10	0	0	60s	100	1	6785
m	870	1333	10	10	0	0	60s	100	1	6785
m	885	1365	10	10	0	0	60s	100	1	6785
m	896	1367	10	10	0	0	60s	100	1	6785
m	929	1355	10	10	0	0	60s	100	1	6785
m	908	1345	10	10	0	0	60s	100	1	6785
m	882	1318	10	10	0	0	60s	100	1	6785
m	870	1323	10	10	0	0	60s	100	1	6785
m	872	1315	10	10	0	0	60s	100	1	6785
m	369	201	10	10	0	0	60s	100	1	6786
m	424	195	10	10	0	0	60s	100	1	6786
m	402	188	10	10	0	0	60s	100	1	6786
m	384	211	10	10	0	0	60s	100	1	6786
m	398	234	10	10	0	0	60s	100	1	6786
m	420	216	10	10	0	0	60s	100	1	6786
m	368	192	10	10	0	0	60s	100	1	6786
m	416	216	10	10	0	0	60s	100	1	6786
m	421	217	10	10	0	0	60s	100	1	6786
m	270	221	10	10	0	0	60s	100	1	6786
m	232	202	10	10	0	0	60s	100	1	6786
m	219	232	10	10	0	0	60s	100	1	6786
m	228	185	10	10	0	0	60s	100	1	6786
m	238	187	10	10	0	0	60s	100	1	6786
m	522	303	10	10	0	0	60s	100	1	6786
m	548	325	10	10	0	0	60s	100	1	6786
m	565	292	10	10	0	0	60s	100	1	6786
m	497	298	10	10	0	0	60s	100	1	6786
m	538	323	10	10	0	0	60s	100	1	6786
m	568	285	10	10	0	0	60s	100	1	6786
m	556	307	10	10	0	0	60s	100	1	6786
m	414	394	10	10	0	0	60s	100	1	6786
m	405	400	10	10	0	0	60s	100	1	6786
m	419	433	10	10	0	0	60s	100	1	6786
m	439	415	10	10	0	0	60s	100	1	6786
m	408	400	10	10	0	0	60s	100	1	6786
m	408	425	10	10	0	0	60s	100	1	6786
m	425	440	10	10	0	0	60s	100	1	6786
m	427	403	10	10	0	0	60s	100	1	6786
m	806	127	10	10	0	0	60s	100	1	6786
m	840	102	10	10	0	0	60s	100	1	6786
m	833	75	10	10	0	0	60s	100	1	6786
m	820	75	10	10	0	0	60s	100	1	6786
m	804	80	10	10	0	0	60s	100	1	6786
m	818	119	10	10	0	0	60s	100	1	6786
m	838	86	10	10	0	0	60s	100	1	6786
m	803	96	10	10	0	0	60s	100	1	6786
m	824	108	10	10	0	0	60s	100	1	6786
m	1240	102	10	10	0	0	60s	100	1	6786
m	1229	90	10	10	0	0	60s	100	1	6786
m	1197	99	10	10	0	0	60s	100	1	6786
m	1228	134	10	10	0	0	60s	100	1	6786
m	1237	97	10	10	0	0	60s	100	1	6786
m	1210	79	10	10	0	0	60s	100	1	6786
m	1205	80	10	10	0	0	60s	100	1	6786
m	1194	110	10	10	0	0	60s	100	1	6786
m	1232	126	10	10	0	0	60s	100	1	6786
m	1232	126	10	10	0	0	60s	100	1	6786
m	1304	237	10	10	0	0	60s	100	1	6786
m	1323	215	10	10	0	0	60s	100	1	6786
m	1339	241	10	10	0	0	60s	100	1	6786
m	1313	252	10	10	0	0	60s	100	1	6786
m	1334	209	10	10	0	0	60s	100	1	6786
m	1304	225	10	10	0	0	60s	100	1	6786
m	1303	229	10	10	0	0	60s	100	1	6786
m	1303	247	10	10	0	0	60s	100	1	6786
m	991	239	10	10	0	0	60s	100	1	6786
m	981	218	10	10	0	0	60s	100	1	6786
m	1002	242	10	10	0	0	60s	100	1	6786
m	1000	259	10	10	0	0	60s	100	1	6786
m	986	266	10	10	0	0	60s	100	1	6786
m	1034	224	10	10	0	0	60s	100	1	6786
m	1004	226	10	10	0	0	60s	100	1	6786
m	996	275	10	10	0	0	60s	100	1	6786
m	992	242	10	10	0	0	60s	100	1	6786
m	956	235	10	10	0	0	60s	100	1	6786
m	1480	87	10	10	0	0	60s	100	1	6786
m	1479	135	10	10	0	0	60s	100	1	6786
m	1440	120	10	10	0	0	60s	100	1	6786
m	1496	90	10	10	0	0	60s	100	1	6786
m	1492	69	10	10	0	0	60s	100	1	6786
m	1475	102	10	10	0	0	60s	100	1	6786
m	1491	138	10	10	0	0	60s	100	1	6786
m	1491	138	10	10	0	0	60s	100	1	6786
m	1443	114	10	10	0	0	60s	100	1	6786
m	1464	90	10	10	0	0	60s	100	1	6786
m	1468	89	10	10	0	0	60s	100	1	6786
m	1491	521	10	10	0	0	60s	100	1	6786
m	1503	537	10	10	0	0	60s	100	1	6786
m	1429	534	10	10	0	0	60s	100	1	6786
m	1489	496	10	10	0	0	60s	100	1	6786
m	1479	520	10	10	0	0	60s	100	1	6786
m	1484	542	10	10	0	0	60s	100	1	6786
m	1497	495	10	10	0	0	60s	100	1	6786
m	1445	501	10	10	0	0	60s	100	1	6786
m	1470	540	10	10	0	0	60s	100	1	6786
m	1511	519	10	10	0	0	60s	100	1	6786
m	1512	513	10	10	0	0	60s	100	1	6786
m	1460	486	10	10	0	0	60s	100	1	6786
m	1452	526	10	10	0	0	60s	100	1	6786
m	1214	683	10	10	0	0	60s	100	1	6786
m	1225	650	10	10	0	0	60s	100	1	6786
m	1204	652	10	10	0	0	60s	100	1	6786
m	1241	690	10	10	0	0	60s	100	1	6786
m	1233	656	10	10	0	0	60s	100	1	6786
m	1210	656	10	10	0	0	60s	100	1	6786
m	1195	674	10	10	0	0	60s	100	1	6786
m	1205	709	10	10	0	0	60s	100	1	6786
m	1368	877	10	10	0	0	60s	100	1	6786
m	1355	830	10	10	0	0	60s	100	1	6786
m	1328	841	10	10	0	0	60s	100	1	6786
m	1364	879	10	10	0	0	60s	100	1	6786
m	1376	856	10	10	0	0	60s	100	1	6786
m	1336	859	10	10	0	0	60s	100	1	6786
m	1336	860	10	10	0	0	60s	100	1	6786
m	1187	966	10	10	0	0	60s	100	1	6786
m	1201	943	10	10	0	0	60s	100	1	6786
m	1230	973	10	10	0	0	60s	100	1	6786
m	1212	985	10	10	0	0	60s	100	1	6786
m	1224	938	10	10	0	0	60s	100	1	6786
m	1219	962	10	10	0	0	60s	100	1	6786
m	1220	977	10	10	0	0	60s	100	1	6786
m	1101	824	10	10	0	0	60s	100	1	6786
m	1131	806	10	10	0	0	60s	100	1	6786
m	1108	851	10	10	0	0	60s	100	1	6786
m	1096	819	10	10	0	0	60s	100	1	6786
m	1141	855	10	10	0	0	60s	100	1	6786
m	1140	851	10	10	0	0	60s	100	1	6786
m	1089	843	10	10	0	0	60s	100	1	6786
m	1116	808	10	10	0	0	60s	100	1	6786
m	1116	808	10	10	0	0	60s	100	1	6786
m	1132	827	10	10	0	0	60s	100	1	6786
m	1460	986	10	10	0	0	60s	100	1	6786
m	1492	954	10	10	0	0	60s	100	1	6786
m	1464	930	10	10	0	0	60s	100	1	6786
m	1473	956	10	10	0	0	60s	100	1	6786
m	1507	935	10	10	0	0	60s	100	1	6786
m	1496	954	10	10	0	0	60s	100	1	6786
m	1468	957	10	10	0	0	60s	100	1	6786
m	1473	982	10	10	0	0	60s	100	1	6786
m	1476	994	10	10	0	0	60s	100	1	6786
m	1477	1341	10	10	0	0	60s	100	1	6786
m	1467	1373	10	10	0	0	60s	100	1	6786
m	1499	1372	10	10	0	0	60s	100	1	6786
m	1502	1336	10	10	0	0	60s	100	1	6786
m	1459	1332	10	10	0	0	60s	100	1	6786
m	1469	1361	10	10	0	0	60s	100	1	6786
m	1495	1353	10	10	0	0	60s	100	1	6786
m	1508	1328	10	10	0	0	60s	100	1	6786
m	1491	1367	10	10	0	0	60s	100	1	6786
m	1491	1367	10	10	0	0	60s	100	1	6786
m	893	1349	10	10	0	0	60s	100	1	6786
m	969	1355	10	10	0	0	60s	100	1	6786
m	907	1335	10	10	0	0	60s	100	1	6786
m	893	1338	10	10	0	0	60s	100	1	6786
m	887	1354	10	10	0	0	60s	100	1	6786
m	902	1338	10	10	0	0	60s	100	1	6786
m	900	1311	10	10	0	0	60s	100	1	6786
m	887	1311	10	10	0	0	60s	100	1	6786
m	736	1344	10	10	0	0	60s	100	1	6786
m	789	1315	10	10	0	0	60s	100	1	6786
m	787	1354	10	10	0	0	60s	100	1	6786
m	768	1352	10	10	0	0	60s	100	1	6786
m	768	1316	10	10	0	0	60s	100	1	6786
m	770	1344	10	10	0	0	60s	100	1	6786
m	773	1344	10	10	0	0	60s	100	1	6786
m	1020	1206	10	10	0	0	60s	100	1	6786
m	1028	1223	10	10	0	0	60s	100	1	6786
m	1032	1232	10	10	0	0	60s	100	1	6786
m	1039	1165	10	10	0	0	60s	100	1	6786
m	1012	1177	10	10	0	0	60s	100	1	6786
m	1013	1213	10	10	0	0	60s	100	1	6786
m	1033	1202	10	10	0	0	60s	100	1	6786
m	349	1338	10	10	0	0	60s	100	1	6786
m	352	1312	10	10	0	0	60s	100	1	6786
m	338	1349	10	10	0	0	60s	100	1	6786
m	365	1359	10	10	0	0	60s	100	1	6786
m	373	1320	10	10	0	0	60s	100	1	6786
m	342	1320	10	10	0	0	60s	100	1	6786
m	340	1321	10	10	0	0	60s	100	1	6786
m	424	1206	10	10	0	0	60s	100	1	6786
m	448	1204	10	10	0	0	60s	100	1	6786
m	477	1179	10	10	0	0	60s	100	1	6786
m	467	1165	10	10	0	0	60s	100	1	6786
m	451	1160	10	10	0	0	60s	100	1	6786
m	446	1160	10	10	0	0	60s	100	1	6786
m	444	1195	10	10	0	0	60s	100	1	6786
m	209	1203	10	10	0	0	60s	100	1	6786
m	191	1160	10	10	0	0	60s	100	1	6786
m	179	1194	10	10	0	0	60s	100	1	6786
m	206	1195	10	10	0	0	60s	100	1	6786
m	211	1181	10	10	0	0	60s	100	1	6786
m	201	1183	10	10	0	0	60s	100	1	6786
m	181	1211	10	10	0	0	60s	100	1	6786
m	206	1205	10	10	0	0	60s	100	1	6786
m	206	1216	10	10	0	0	60s	100	1	6786
m	201	1223	10	10	0	0	60s	100	1	6786
m	60	1324	10	10	0	0	60s	100	1	6786
m	68	1365	10	10	0	0	60s	100	1	6786
m	38	1364	10	10	0	0	60s	100	1	6786
m	52	1326	10	10	0	0	60s	100	1	6786
m	70	1304	10	10	0	0	60s	100	1	6786
m	190	1052	10	10	0	0	60s	100	1	6786
m	208	1031	10	10	0	0	60s	100	1	6786
m	188	1001	10	10	0	0	60s	100	1	6786
m	168	1014	10	10	0	0	60s	100	1	6786
m	176	1037	10	10	0	0	60s	100	1	6786
m	203	1007	10	10	0	0	60s	100	1	6786
m	203	1005	10	10	0	0	60s	100	1	6786
m	190	881	10	10	0	0	60s	100	1	6786
m	190	839	10	10	0	0	60s	100	1	6786
m	192	857	10	10	0	0	60s	100	1	6786
m	214	877	10	10	0	0	60s	100	1	6786
m	169	894	10	10	0	0	60s	100	1	6786
m	163	896	10	10	0	0	60s	100	1	6786
m	178	910	10	10	0	0	60s	100	1	6786
m	435	1021	10	10	0	0	60s	100	1	6786
m	463	998	10	10	0	0	60s	100	1	6786
m	463	998	10	10	0	0	60s	100	1	6786
m	495	1000	10	10	0	0	60s	100	1	6786
m	490	993	10	10	0	0	60s	100	1	6786
m	404	424	10	10	0	0	60s	100	1	6786
m	390	423	10	10	0	0	60s	100	1	6786
m	392	401	10	10	0	0	60s	100	1	6786
m	392	401	10	10	0	0	60s	100	1	6786
m	575	329	10	10	0	0	60s	100	1	6786
m	575	309	10	10	0	0	60s	100	1	6786
m	546	291	10	10	0	0	60s	100	1	6786
m	545	286	10	10	0	0	60s	100	1	6786
m	244	214	10	10	0	0	60s	100	1	6787
m	244	241	10	10	0	0	60s	100	1	6787
m	246	213	10	10	0	0	60s	100	1	6787
m	212	202	10	10	0	0	60s	100	1	6787
m	246	220	10	10	0	0	60s	100	1	6787
m	249	181	10	10	0	0	60s	100	1	6787
m	226	203	10	10	0	0	60s	100	1	6787
m	363	212	10	10	0	0	60s	100	1	6787
m	388	194	10	10	0	0	60s	100	1	6787
m	434	223	10	10	0	0	60s	100	1	6787
m	389	227	10	10	0	0	60s	100	1	6787
m	394	190	10	10	0	0	60s	100	1	6787
m	407	229	10	10	0	0	60s	100	1	6787
m	415	417	10	10	0	0	60s	100	1	6787
m	447	429	10	10	0	0	60s	100	1	6787
m	421	448	10	10	0	0	60s	100	1	6787
m	410	392	10	10	0	0	60s	100	1	6787
m	439	407	10	10	0	0	60s	100	1	6787
m	392	447	10	10	0	0	60s	100	1	6787
m	539	334	10	10	0	0	60s	100	1	6787
m	570	343	10	10	0	0	60s	100	1	6787
m	572	290	10	10	0	0	60s	100	1	6787
m	522	279	10	10	0	0	60s	100	1	6787
m	526	312	10	10	0	0	60s	100	1	6787
m	804	124	10	10	0	0	60s	100	1	6787
m	849	103	10	10	0	0	60s	100	1	6787
m	835	70	10	10	0	0	60s	100	1	6787
m	811	101	10	10	0	0	60s	100	1	6787
m	858	111	10	10	0	0	60s	100	1	6787
m	856	91	10	10	0	0	60s	100	1	6787
m	824	91	10	10	0	0	60s	100	1	6787
m	815	110	10	10	0	0	60s	100	1	6787
m	1194	120	10	10	0	0	60s	100	1	6787
m	1212	144	10	10	0	0	60s	100	1	6787
m	1232	111	10	10	0	0	60s	100	1	6787
m	1205	74	10	10	0	0	60s	100	1	6787
m	1188	111	10	10	0	0	60s	100	1	6787
m	1213	122	10	10	0	0	60s	100	1	6787
m	1237	108	10	10	0	0	60s	100	1	6787
m	1060	349	10	10	0	0	60s	100	1	6787
m	1036	325	10	10	0	0	60s	100	1	6787
m	1060	374	10	10	0	0	60s	100	1	6787
m	1100	348	10	10	0	0	60s	100	1	6787
m	1055	344	10	10	0	0	60s	100	1	6787
m	1044	344	10	10	0	0	60s	100	1	6787
m	1052	390	10	10	0	0	60s	100	1	6787
m	1008	249	10	10	0	0	60s	100	1	6787
m	1016	223	10	10	0	0	60s	100	1	6787
m	992	224	10	10	0	0	60s	100	1	6787
m	980	271	10	10	0	0	60s	100	1	6787
m	994	274	10	10	0	0	60s	100	1	6787
m	1010	267	10	10	0	0	60s	100	1	6787
m	1016	261	10	10	0	0	60s	100	1	6787
m	876	670	10	10	0	0	60s	100	1	6787
m	910	700	10	10	0	0	60s	100	1	6787
m	881	644	10	10	0	0	60s	100	1	6787
m	874	671	10	10	0	0	60s	100	1	6787
m	913	691	10	10	0	0	60s	100	1	6787
m	890	648	10	10	0	0	60s	100	1	6787
m	870	675	10	10	0	0	60s	100	1	6787
m	876	704	10	10	0	0	60s	100	1	6787
m	911	664	10	10	0	0	60s	100	1	6787
m	892	666	10	10	0	0	60s	100	1	6787
m	1228	685	10	10	0	0	60s	100	1	6787
m	1241	669	10	10	0	0	60s	100	1	6787
m	1212	652	10	10	0	0	60s	100	1	6787
m	1212	652	10	10	0	0	60s	100	1	6787
m	1204	676	10	10	0	0	60s	100	1	6787
m	1204	656	10	10	0	0	60s	100	1	6787
m	1187	655	10	10	0	0	60s	100	1	6787
m	1187	656	10	10	0	0	60s	100	1	6787
m	1211	641	10	10	0	0	60s	100	1	6787
m	1211	641	10	10	0	0	60s	100	1	6787
m	1230	650	10	10	0	0	60s	100	1	6787
m	1117	821	10	10	0	0	60s	100	1	6787
m	1112	827	10	10	0	0	60s	100	1	6787
m	1116	851	10	10	0	0	60s	100	1	6787
m	1145	820	10	10	0	0	60s	100	1	6787
m	1128	816	10	10	0	0	60s	100	1	6787
m	1099	822	10	10	0	0	60s	100	1	6787
m	1096	843	10	10	0	0	60s	100	1	6787
m	1105	859	10	10	0	0	60s	100	1	6787
m	1194	964	10	10	0	0	60s	100	1	6787
m	1211	985	10	10	0	0	60s	100	1	6787
m	1232	954	10	10	0	0	60s	100	1	6787
m	1234	985	10	10	0	0	60s	100	1	6787
m	1250	963	10	10	0	0	60s	100	1	6787
m	1229	945	10	10	0	0	60s	100	1	6787
m	1184	927	10	10	0	0	60s	100	1	6787
m	1202	944	10	10	0	0	60s	100	1	6787
m	1236	1007	10	10	0	0	60s	100	1	6787
m	702	849	10	10	0	0	60s	100	1	6787
m	720	885	10	10	0	0	60s	100	1	6787
m	722	840	10	10	0	0	60s	100	1	6787
m	696	850	10	10	0	0	60s	100	1	6787
m	732	875	10	10	0	0	60s	100	1	6787
m	700	846	10	10	0	0	60s	100	1	6787
m	686	864	10	10	0	0	60s	100	1	6787
m	684	871	10	10	0	0	60s	100	1	6787
m	712	862	10	10	0	0	60s	100	1	6787
m	710	832	10	10	0	0	60s	100	1	6787
m	690	849	10	10	0	0	60s	100	1	6787
m	1044	1228	10	10	0	0	60s	100	1	6787
m	1028	1185	10	10	0	0	60s	100	1	6787
m	987	1201	10	10	0	0	60s	100	1	6787
m	1035	1218	10	10	0	0	60s	100	1	6787
m	1039	1217	10	10	0	0	60s	100	1	6787
m	1024	1170	10	10	0	0	60s	100	1	6787
m	1010	1202	10	10	0	0	60s	100	1	6787
m	1012	1211	10	10	0	0	60s	100	1	6787
m	1024	1211	10	10	0	0	60s	100	1	6787
m	888	1351	10	10	0	0	60s	100	1	6787
m	901	1334	10	10	0	0	60s	100	1	6787
m	896	1324	10	10	0	0	60s	100	1	6787
m	872	1323	10	10	0	0	60s	100	1	6787
m	879	1346	10	10	0	0	60s	100	1	6787
m	934	1359	10	10	0	0	60s	100	1	6787
m	780	1322	10	10	0	0	60s	100	1	6787
m	779	1356	10	10	0	0	60s	100	1	6787
m	801	1337	10	10	0	0	60s	100	1	6787
m	788	1323	10	10	0	0	60s	100	1	6787
m	764	1329	10	10	0	0	60s	100	1	6787
m	759	1348	10	10	0	0	60s	100	1	6787
m	459	1188	10	10	0	0	60s	100	1	6787
m	449	1210	10	10	0	0	60s	100	1	6787
m	490	1221	10	10	0	0	60s	100	1	6787
m	472	1180	10	10	0	0	60s	100	1	6787
m	448	1176	10	10	0	0	60s	100	1	6787
m	447	1219	10	10	0	0	60s	100	1	6787
m	476	1174	10	10	0	0	60s	100	1	6787
m	469	1144	10	10	0	0	60s	100	1	6787
m	458	1150	10	10	0	0	60s	100	1	6787
m	327	1349	10	10	0	0	60s	100	1	6787
m	351	1352	10	10	0	0	60s	100	1	6787
m	364	1317	10	10	0	0	60s	100	1	6787
m	337	1323	10	10	0	0	60s	100	1	6787
m	360	1356	10	10	0	0	60s	100	1	6787
m	372	1341	10	10	0	0	60s	100	1	6787
m	365	1321	10	10	0	0	60s	100	1	6787
m	74	1328	10	10	0	0	60s	100	1	6787
m	75	1357	10	10	0	0	60s	100	1	6787
m	87	1360	10	10	0	0	60s	100	1	6787
m	66	1304	10	10	0	0	60s	100	1	6787
m	44	1306	10	10	0	0	60s	100	1	6787
m	40	1352	10	10	0	0	60s	100	1	6787
m	168	1196	10	10	0	0	60s	100	1	6787
m	196	1148	10	10	0	0	60s	100	1	6787
m	204	1163	10	10	0	0	60s	100	1	6787
m	191	1208	10	10	0	0	60s	100	1	6787
m	215	1219	10	10	0	0	60s	100	1	6787
m	217	1219	10	10	0	0	60s	100	1	6787
m	166	1036	10	10	0	0	60s	100	1	6787
m	236	1027	10	10	0	0	60s	100	1	6787
m	216	1007	10	10	0	0	60s	100	1	6787
m	182	1019	10	10	0	0	60s	100	1	6787
m	179	1036	10	10	0	0	60s	100	1	6787
m	185	1052	10	10	0	0	60s	100	1	6787
m	188	1002	10	10	0	0	60s	100	1	6787
m	188	1002	10	10	0	0	60s	100	1	6787
m	461	1038	10	10	0	0	60s	100	1	6787
m	476	1004	10	10	0	0	60s	100	1	6787
m	449	1015	10	10	0	0	60s	100	1	6787
m	476	1038	10	10	0	0	60s	100	1	6787
m	480	1035	10	10	0	0	60s	100	1	6787
m	460	986	10	10	0	0	60s	100	1	6787
m	192	860	10	10	0	0	60s	100	1	6787
m	205	886	10	10	0	0	60s	100	1	6787
m	218	846	10	10	0	0	60s	100	1	6787
m	187	875	10	10	0	0	60s	100	1	6787
m	183	903	10	10	0	0	60s	100	1	6787
m	181	873	10	10	0	0	60s	100	1	6787
m	172	878	10	10	0	0	60s	100	1	6787
m	194	881	10	10	0	0	60s	100	1	6787
m	200	852	10	10	0	0	60s	100	1	6787
