m	380	998	10	10	0	0	3600s	100	1	4001
m	505	1033	10	10	0	0	3600s	100	1	4001
m	645	883	10	10	0	0	3600s	100	1	4001
m	572	779	10	10	0	0	3600s	100	1	4001
m	511	884	10	10	0	0	3600s	100	1	4001
m	134	324	10	10	0	0	3600s	100	1	4002
m	256	184	10	10	0	0	3600s	100	1	4002
m	416	214	10	10	0	0	3600s	100	1	4002
m	469	409	10	10	0	0	3600s	100	1	4002
m	366	323	10	10	0	0	3600s	100	1	4002
m	986	204	10	10	0	0	3600s	100	1	4002
m	1131	442	10	10	0	0	3600s	100	1	4002
m	940	316	10	10	0	0	3600s	100	1	4002
m	1073	326	10	10	0	0	3600s	100	1	4002
m	827	370	10	10	0	0	3600s	100	1	4002
