r	860	624	10	10	0	0	45s	100	1	2408
r	874	620	10	10	0	0	45s	100	1	2408
r	888	620	10	10	0	0	45s	100	1	2408
r	896	632	10	10	0	0	45s	100	1	2408
r	862	650	10	10	0	0	45s	100	1	2408
r	876	650	10	10	0	0	45s	100	1	2408
r	894	656	10	10	0	0	45s	100	1	2408
r	872	668	10	10	0	0	45s	100	1	2408
r	640	622	10	10	0	0	45s	100	1	2408
r	664	620	10	10	0	0	45s	100	1	2408
r	640	660	10	10	0	0	45s	100	1	2408
r	670	660	10	10	0	0	45s	100	1	2408
r	634	636	10	10	0	0	45s	100	1	2409
r	650	632	10	10	0	0	45s	100	1	2409
r	672	634	10	10	0	0	45s	100	1	2409
r	654	650	10	10	0	0	45s	100	1	2409
r	550	654	10	10	0	0	45s	100	1	2409
r	576	654	10	10	0	0	45s	100	1	2409
r	582	622	10	10	0	0	45s	100	1	2409
r	558	664	10	10	0	0	45s	100	1	2409
r	578	634	10	10	0	0	45s	100	1	2409
r	548	624	10	10	0	0	45s	100	1	2409
r	560	636	10	10	0	0	45s	100	1	2409
r	592	658	10	10	0	0	45s	100	1	2409
r	632	728	10	10	0	0	70s	100	1	2409
r	652	720	10	10	0	0	70s	100	1	2409
r	672	744	10	10	0	0	70s	100	1	2409
r	642	762	10	10	0	0	70s	100	1	2409
r	672	764	10	10	0	0	70s	100	1	2409
r	644	736	10	10	0	0	70s	100	1	2408
r	668	718	10	10	0	0	70s	100	1	2408
r	656	750	10	10	0	0	70s	100	1	2408
r	630	748	10	10	0	0	70s	100	1	2408
r	678	726	10	10	0	0	70s	100	1	2408
r	766	726	10	10	0	0	70s	100	1	2408
r	790	722	10	10	0	0	70s	100	1	2408
r	796	744	10	10	0	0	70s	100	1	2408
r	766	744	10	10	0	0	70s	100	1	2408
r	772	760	10	10	0	0	70s	100	1	2408
r	792	764	10	10	0	0	70s	100	1	2408
r	776	728	10	10	0	0	70s	100	1	2408
r	776	742	10	10	0	0	70s	100	1	2408
r	808	724	10	10	0	0	70s	100	1	2408
r	816	738	10	10	0	0	70s	100	1	2408
r	814	750	10	10	0	0	70s	100	1	2408
r	812	762	10	10	0	0	70s	100	1	2408
r	548	826	10	10	0	0	65s	100	1	2408
r	576	822	10	10	0	0	65s	100	1	2408
r	586	862	10	10	0	0	65s	100	1	2408
r	558	860	10	10	0	0	65s	100	1	2408
r	564	834	10	10	0	0	65s	100	1	2409
r	544	840	10	10	0	0	65s	100	1	2409
r	570	856	10	10	0	0	65s	100	1	2409
r	580	832	10	10	0	0	65s	100	1	2409
r	780	828	10	10	0	0	65s	100	1	2409
r	814	830	10	10	0	0	65s	100	1	2409
r	804	864	10	10	0	0	65s	100	1	2409
r	774	862	10	10	0	0	65s	100	1	2409
r	786	846	10	10	0	0	65s	100	1	2408
r	796	816	10	10	0	0	65s	100	1	2408
r	802	838	10	10	0	0	65s	100	1	2408
r	966	860	10	10	0	0	55s	100	1	2408
r	1002	862	10	10	0	0	55s	100	1	2408
r	968	822	10	10	0	0	55s	100	1	2408
r	998	822	10	10	0	0	55s	100	1	2408
r	958	836	10	10	0	0	55s	100	1	2409
r	982	854	10	10	0	0	55s	100	1	2409
r	1002	836	10	10	0	0	55s	100	1	2409
r	812	638	10	10	0	0	45s	100	1	2408
r	772	642	10	10	0	0	45s	100	1	2408
r	716	638	10	10	0	0	45s	100	1	2408
r	568	700	10	10	0	0	45s	100	1	2409
r	562	738	10	10	0	0	50s	100	1	2409
r	568	768	10	10	0	0	50s	100	1	2409
r	626	840	10	10	0	0	50s	100	1	2409
r	722	840	10	10	0	0	50s	100	1	2409
r	670	842	10	10	0	0	50s	100	1	2408
r	868	840	10	10	0	0	50s	100	1	2408
r	904	842	10	10	0	0	55s	100	1	2409
r	962	622	10	10	0	0	55s	100	1	2408
r	980	616	10	10	0	0	55s	100	1	2408
r	990	614	10	10	0	0	55s	100	1	2408
r	1000	616	10	10	0	0	55s	100	1	2408
r	1010	628	10	10	0	0	55s	100	1	2408
r	954	646	10	10	0	0	55s	100	1	2409
r	986	642	10	10	0	0	55s	100	1	2409
r	996	654	10	10	0	0	55s	100	1	2409
r	972	658	10	10	0	0	55s	100	1	2409
r	1054	664	10	10	0	0	60s	100	1	2408
r	1102	664	10	10	0	0	60s	100	1	2408
r	1056	612	10	10	0	0	60s	100	1	2408
r	1098	614	10	10	0	0	60s	100	1	2408
r	1044	634	10	10	0	0	60s	100	1	2408
r	1102	638	10	10	0	0	60s	100	1	2408
r	1058	634	10	10	0	0	60s	100	1	2409
r	1068	616	10	10	0	0	60s	100	1	2409
r	1084	616	10	10	0	0	60s	100	1	2409
r	1084	648	10	10	0	0	60s	100	1	2409
r	1082	664	10	10	0	0	60s	100	1	2409
r	1062	560	10	10	0	0	60s	100	1	2409
r	1088	560	10	10	0	0	60s	100	1	2409
r	1098	540	10	10	0	0	60s	100	1	2409
r	1098	514	10	10	0	0	60s	100	1	2409
r	1054	518	10	10	0	0	60s	100	1	2409
r	1072	512	10	10	0	0	60s	100	1	2408
r	1072	524	10	10	0	0	60s	100	1	2408
r	1072	564	10	10	0	0	60s	100	1	2408
r	1100	556	10	10	0	0	60s	100	1	2408
r	792	518	10	10	0	0	65s	100	1	2408
r	804	526	10	10	0	0	65s	100	1	2408
r	812	538	10	10	0	0	65s	100	1	2408
r	820	550	10	10	0	0	65s	100	1	2408
r	834	558	10	10	0	0	65s	100	1	2408
r	798	558	10	10	0	0	65s	100	1	2409
r	794	542	10	10	0	0	65s	100	1	2409
r	810	560	10	10	0	0	65s	100	1	2409
r	812	510	10	10	0	0	65s	100	1	2409
r	838	534	10	10	0	0	65s	100	1	2409
r	470	520	10	10	0	0	70s	100	1	2408
r	498	520	10	10	0	0	70s	100	1	2408
r	478	532	10	10	0	0	70s	100	1	2408
r	486	564	10	10	0	0	70s	100	1	2408
r	464	566	10	10	0	0	70s	100	1	2409
r	464	544	10	10	0	0	70s	100	1	2409
r	506	560	10	10	0	0	70s	100	1	2409
r	514	530	10	10	0	0	70s	100	1	2409
r	492	908	10	10	0	0	60s	100	1	2409
r	512	914	10	10	0	0	60s	100	1	2409
r	472	954	10	10	0	0	60s	100	1	2409
r	462	934	10	10	0	0	60s	100	1	2409
r	480	922	10	10	0	0	60s	100	1	2408
r	500	924	10	10	0	0	60s	100	1	2408
r	506	940	10	10	0	0	60s	100	1	2408
r	506	956	10	10	0	0	60s	100	1	2408
r	728	906	10	10	0	0	65s	100	1	2408
r	746	906	10	10	0	0	65s	100	1	2408
r	768	908	10	10	0	0	65s	100	1	2408
r	762	956	10	10	0	0	65s	100	1	2408
r	746	938	10	10	0	0	65s	100	1	2408
r	728	918	10	10	0	0	65s	100	1	2408
r	766	928	10	10	0	0	65s	100	1	2409
r	774	940	10	10	0	0	65s	100	1	2409
r	730	954	10	10	0	0	65s	100	1	2409
r	734	1004	10	10	0	0	65s	100	1	2408
r	744	990	10	10	0	0	65s	100	1	2408
r	768	1040	10	10	0	0	65s	100	1	2408
r	776	1026	10	10	0	0	65s	100	1	2408
r	734	1040	10	10	0	0	65s	100	1	2409
r	744	1026	10	10	0	0	65s	100	1	2409
r	752	1014	10	10	0	0	65s	100	1	2409
r	760	1002	10	10	0	0	65s	100	1	2409
r	768	990	10	10	0	0	65s	100	1	2409
r	962	1040	10	10	0	0	65s	100	1	2409
r	956	1016	10	10	0	0	65s	100	1	2409
r	946	994	10	10	0	0	65s	100	1	2409
r	930	1024	10	10	0	0	65s	100	1	2408
r	978	992	10	10	0	0	65s	100	1	2408
r	982	1036	10	10	0	0	65s	100	1	2408
r	932	956	10	10	0	0	65s	100	1	2409
r	914	934	10	10	0	0	65s	100	1	2409
r	922	922	10	10	0	0	65s	100	1	2409
r	938	938	10	10	0	0	65s	100	1	2409
r	954	920	10	10	0	0	65s	100	1	2409
r	948	954	10	10	0	0	65s	100	1	2408
r	958	938	10	10	0	0	65s	100	1	2408
r	964	952	10	10	0	0	65s	100	1	2408
r	930	906	10	10	0	0	65s	100	1	2408
r	912	906	10	10	0	0	65s	100	1	2408
r	792	416	10	10	0	0	70s	100	1	2411
r	832	454	10	10	0	0	70s	100	1	2411
r	612	434	10	10	0	0	70s	100	1	2411
r	628	414	10	10	0	0	70s	100	1	2411
r	594	418	10	10	0	0	70s	100	1	2409
r	630	430	10	10	0	0	70s	100	1	2408
r	726	340	10	10	0	0	65s	100	1	2408
r	728	350	10	10	0	0	65s	100	1	2408
r	724	360	10	10	0	0	65s	100	1	2409
r	734	364	10	10	0	0	65s	100	1	2409
r	734	322	10	10	0	0	65s	100	1	2411
r	748	326	10	10	0	0	65s	100	1	2411
r	766	326	10	10	0	0	65s	100	1	2411
r	768	340	10	10	0	0	65s	100	1	2411
r	774	350	10	10	0	0	65s	100	1	2411
r	742	374	10	10	0	0	65s	100	1	2412
r	756	366	10	10	0	0	65s	100	1	2412
r	768	372	10	10	0	0	65s	100	1	2412
r	778	364	10	10	0	0	65s	100	1	2412
r	780	330	10	10	0	0	65s	100	1	2412
r	730	542	10	10	0	0	65s	100	1	2408
r	744	538	10	10	0	0	65s	100	1	2408
r	708	536	10	10	0	0	65s	100	1	2408
r	564	542	10	10	0	0	70s	100	1	2409
r	584	536	10	10	0	0	70s	100	1	2409
r	604	536	10	10	0	0	70s	100	1	2409
r	894	538	10	10	0	0	70s	100	1	2409
r	954	536	10	10	0	0	70s	100	1	2409
r	1000	542	10	10	0	0	70s	100	1	2409
r	930	536	10	10	0	0	70s	100	1	2408
r	970	536	10	10	0	0	70s	100	1	2408
r	488	610	10	10	0	0	70s	100	1	2408
r	488	642	10	10	0	0	70s	100	1	2408
r	494	622	10	10	0	0	70s	100	1	2409
r	488	656	10	10	0	0	70s	100	1	2409
r	490	774	10	10	0	0	65s	100	1	2409
r	492	792	10	10	0	0	65s	100	1	2409
r	486	806	10	10	0	0	65s	100	1	2408
r	486	832	10	10	0	0	65s	100	1	2408
r	492	742	10	10	0	0	65s	100	1	2408
r	984	720	10	10	0	0	55s	100	1	2409
r	984	758	10	10	0	0	55s	100	1	2408
r	1078	716	10	10	0	0	60s	100	1	2408
r	1080	736	10	10	0	0	60s	100	1	2408
r	1080	834	10	10	0	0	60s	100	1	2409
r	1080	850	10	10	0	0	60s	100	1	2409
r	694	438	10	10	0	0	70s	100	1	2411
r	734	438	10	10	0	0	70s	100	1	2411
r	808	1234	10	10	0	0	65s	100	1	2411
r	830	1228	10	10	0	0	65s	100	1	2411
r	834	1212	10	10	0	0	65s	100	1	2411
r	806	1210	10	10	0	0	65s	100	1	2412
r	814	1196	10	10	0	0	65s	100	1	2412
r	844	1236	10	10	0	0	65s	100	1	2412
r	922	1226	10	10	0	0	65s	100	1	2411
r	936	1210	10	10	0	0	65s	100	1	2411
r	946	1218	10	10	0	0	65s	100	1	2411
r	920	1236	10	10	0	0	65s	100	1	2411
r	922	1206	10	10	0	0	65s	100	1	2412
r	940	1228	10	10	0	0	65s	100	1	2412
r	954	1196	10	10	0	0	65s	100	1	2412
r	1090	1208	10	10	0	0	60s	100	1	2412
r	1102	1218	10	10	0	0	60s	100	1	2412
r	1114	1224	10	10	0	0	60s	100	1	2412
r	1088	1228	10	10	0	0	60s	100	1	2411
r	1102	1230	10	10	0	0	60s	100	1	2411
r	1114	1196	10	10	0	0	60s	100	1	2411
r	1122	1208	10	10	0	0	60s	100	1	2411
r	712	1324	10	10	0	0	75s	100	1	2411
r	728	1320	10	10	0	0	75s	100	1	2411
r	704	1306	10	10	0	0	75s	100	1	2411
r	718	1302	10	10	0	0	75s	100	1	2411
r	706	1282	10	10	0	0	75s	100	1	2411
r	756	1328	10	10	0	0	75s	100	1	2412
r	752	1278	10	10	0	0	75s	100	1	2412
r	734	1278	10	10	0	0	75s	100	1	2412
r	718	1278	10	10	0	0	75s	100	1	2412
r	732	1296	10	10	0	0	75s	100	1	2413
r	750	1294	10	10	0	0	75s	100	1	2413
r	762	1294	10	10	0	0	75s	100	1	2413
r	762	1304	10	10	0	0	75s	100	1	2413
r	740	1330	10	10	0	0	75s	100	1	2414
r	750	1310	10	10	0	0	75s	100	1	2414
r	702	1292	10	10	0	0	75s	100	1	2414
r	1064	1306	10	10	0	0	60s	100	1	2411
r	1092	1306	10	10	0	0	60s	100	1	2411
r	1308	1302	10	10	0	0	60s	100	1	2411
r	1326	1304	10	10	0	0	60s	100	1	2411
r	1118	1308	10	10	0	0	60s	100	1	2412
r	1274	1304	10	10	0	0	60s	100	1	2412
r	1288	1304	10	10	0	0	60s	100	1	2412
r	1016	1214	10	10	0	0	60s	100	1	2412
r	1214	1216	10	10	0	0	60s	100	1	2411
r	1242	1216	10	10	0	0	60s	100	1	2411
r	1318	1212	10	10	0	0	60s	100	1	2411
r	1334	1206	10	10	0	0	60s	100	1	2411
r	1352	1204	10	10	0	0	60s	100	1	2411
r	1312	1224	10	10	0	0	60s	100	1	2412
r	1346	1226	10	10	0	0	60s	100	1	2412
r	1330	1236	10	10	0	0	60s	100	1	2412
r	1334	1190	10	10	0	0	60s	100	1	2413
r	1360	1226	10	10	0	0	60s	100	1	2413
r	1436	1284	10	10	0	0	60s	100	1	2411
r	1460	1284	10	10	0	0	60s	100	1	2411
r	1424	1326	10	10	0	0	60s	100	1	2412
r	1480	1326	10	10	0	0	60s	100	1	2412
r	1422	1302	10	10	0	0	60s	100	1	2413
r	1452	1322	10	10	0	0	60s	100	1	2413
r	1466	1300	10	10	0	0	60s	100	1	2414
r	1470	1314	10	10	0	0	60s	100	1	2414
r	1426	1076	10	10	0	0	60s	100	1	2411
r	1456	1032	10	10	0	0	60s	100	1	2411
r	1446	1074	10	10	0	0	60s	100	1	2412
r	1472	1070	10	10	0	0	60s	100	1	2412
r	1424	1060	10	10	0	0	60s	100	1	2413
r	1426	1028	10	10	0	0	60s	100	1	2413
r	1454	1052	10	10	0	0	60s	100	1	2414
r	1472	1036	10	10	0	0	60s	100	1	2414
r	1314	1072	10	10	0	0	60s	100	1	2411
r	1332	1070	10	10	0	0	60s	100	1	2411
r	1316	1056	10	10	0	0	60s	100	1	2412
r	1356	1056	10	10	0	0	60s	100	1	2412
r	1350	1072	10	10	0	0	60s	100	1	2413
r	1332	1050	10	10	0	0	60s	100	1	2413
r	1310	1030	10	10	0	0	60s	100	1	2413
r	1344	1032	10	10	0	0	60s	100	1	2414
r	1322	938	10	10	0	0	60s	100	1	2411
r	1334	906	10	10	0	0	60s	100	1	2411
r	1314	918	10	10	0	0	60s	100	1	2412
r	1336	920	10	10	0	0	60s	100	1	2412
r	1310	892	10	10	0	0	60s	100	1	2413
r	1356	910	10	10	0	0	60s	100	1	2413
r	1352	894	10	10	0	0	60s	100	1	2414
r	1352	932	10	10	0	0	60s	100	1	2414
r	1330	574	10	10	0	0	55s	100	1	2414
r	1328	522	10	10	0	0	55s	100	1	2414
r	1338	534	10	10	0	0	55s	100	1	2413
r	1334	552	10	10	0	0	55s	100	1	2413
r	1314	554	10	10	0	0	55s	100	1	2412
r	1316	530	10	10	0	0	55s	100	1	2412
r	1352	542	10	10	0	0	55s	100	1	2411
r	1350	558	10	10	0	0	55s	100	1	2411
r	1436	402	10	10	0	0	55s	100	1	2411
r	1450	396	10	10	0	0	55s	100	1	2411
r	1466	392	10	10	0	0	55s	100	1	2411
r	1426	430	10	10	0	0	55s	100	1	2412
r	1438	430	10	10	0	0	55s	100	1	2412
r	1462	430	10	10	0	0	55s	100	1	2412
r	1420	404	10	10	0	0	55s	100	1	2413
r	1434	386	10	10	0	0	55s	100	1	2413
r	1470	402	10	10	0	0	55s	100	1	2413
r	1452	410	10	10	0	0	55s	100	1	2414
r	1436	192	10	10	0	0	50s	100	1	2411
r	1472	192	10	10	0	0	50s	100	1	2411
r	1444	150	10	10	0	0	50s	100	1	2411
r	1464	152	10	10	0	0	50s	100	1	2411
r	1420	152	10	10	0	0	50s	100	1	2412
r	1432	160	10	10	0	0	50s	100	1	2412
r	1422	200	10	10	0	0	50s	100	1	2412
r	1452	200	10	10	0	0	50s	100	1	2412
r	1422	180	10	10	0	0	50s	100	1	2413
r	1420	168	10	10	0	0	50s	100	1	2413
r	1470	170	10	10	0	0	50s	100	1	2413
r	1438	176	10	10	0	0	50s	100	1	2413
r	1446	162	10	10	0	0	50s	100	1	2414
r	1450	178	10	10	0	0	50s	100	1	2414
r	1456	164	10	10	0	0	50s	100	1	2414
r	1464	204	10	10	0	0	50s	100	1	2414
r	1306	300	10	10	0	0	55s	100	1	2411
r	1316	300	10	10	0	0	55s	100	1	2411
r	1316	282	10	10	0	0	55s	100	1	2411
r	1316	270	10	10	0	0	55s	100	1	2411
r	1326	280	10	10	0	0	55s	100	1	2411
r	1352	294	10	10	0	0	55s	100	1	2412
r	1350	276	10	10	0	0	55s	100	1	2412
r	1336	258	10	10	0	0	55s	100	1	2412
r	1304	246	10	10	0	0	55s	100	1	2412
r	1316	246	10	10	0	0	55s	100	1	2412
r	1304	278	10	10	0	0	55s	100	1	2413
r	1302	266	10	10	0	0	55s	100	1	2413
r	1360	274	10	10	0	0	55s	100	1	2413
r	1362	286	10	10	0	0	55s	100	1	2413
r	1328	298	10	10	0	0	55s	100	1	2414
r	1338	282	10	10	0	0	55s	100	1	2414
r	1352	254	10	10	0	0	55s	100	1	2414
r	1338	246	10	10	0	0	55s	100	1	2414
r	1330	1120	10	10	0	0	60s	100	1	2411
r	1332	1140	10	10	0	0	60s	100	1	2411
r	1332	828	10	10	0	0	60s	100	1	2413
r	1332	728	10	10	0	0	60s	100	1	2413
r	1338	772	10	10	0	0	60s	100	1	2414
r	1446	1142	10	10	0	0	60s	100	1	2413
r	1448	1192	10	10	0	0	60s	100	1	2412
r	1442	1226	10	10	0	0	60s	100	1	2411
r	1446	910	10	10	0	0	60s	100	1	2411
r	1450	894	10	10	0	0	60s	100	1	2411
r	1448	492	10	10	0	0	60s	100	1	2412
r	1448	508	10	10	0	0	60s	100	1	2412
r	1446	252	10	10	0	0	50s	100	1	2413
r	1450	268	10	10	0	0	50s	100	1	2413
r	1450	298	10	10	0	0	50s	100	1	2414
r	1248	178	10	10	0	0	50s	100	1	2414
r	1374	178	10	10	0	0	50s	100	1	2414
r	1314	176	10	10	0	0	50s	100	1	2413
r	944	1118	10	10	0	0	55s	100	1	2411
r	962	1120	10	10	0	0	55s	100	1	2411
r	978	1120	10	10	0	0	55s	100	1	2411
r	956	1104	10	10	0	0	55s	100	1	2412
r	952	1138	10	10	0	0	55s	100	1	2412
r	1090	1134	10	10	0	0	60s	100	1	2412
r	1102	1104	10	10	0	0	60s	100	1	2412
r	1114	1094	10	10	0	0	60s	100	1	2412
r	1076	1104	10	10	0	0	60s	100	1	2411
r	1104	1118	10	10	0	0	60s	100	1	2411
r	1116	1132	10	10	0	0	60s	100	1	2411
r	734	1128	10	10	0	0	65s	100	1	2411
r	718	1108	10	10	0	0	65s	100	1	2412
r	762	1108	10	10	0	0	65s	100	1	2413
r	1152	1004	10	10	0	0	60s	100	1	2411
r	1164	1014	10	10	0	0	60s	100	1	2411
r	1166	1024	10	10	0	0	60s	100	1	2411
r	1146	1022	10	10	0	0	60s	100	1	2412
r	1172	1034	10	10	0	0	60s	100	1	2412
r	1180	996	10	10	0	0	60s	100	1	2412
r	1228	1128	10	10	0	0	60s	100	1	2411
r	1242	1120	10	10	0	0	60s	100	1	2411
r	1254	1090	10	10	0	0	60s	100	1	2411
r	1222	1090	10	10	0	0	60s	100	1	2411
r	1236	1100	10	10	0	0	60s	100	1	2412
r	1238	1142	10	10	0	0	60s	100	1	2412
r	1256	1124	10	10	0	0	60s	100	1	2412
r	1220	896	10	10	0	0	60s	100	1	2411
r	1244	894	10	10	0	0	60s	100	1	2411
r	1232	938	10	10	0	0	60s	100	1	2411
r	1258	938	10	10	0	0	60s	100	1	2411
r	1212	912	10	10	0	0	60s	100	1	2412
r	1230	912	10	10	0	0	60s	100	1	2412
r	1242	914	10	10	0	0	60s	100	1	2412
r	1252	912	10	10	0	0	60s	100	1	2412
r	1142	742	10	10	0	0	60s	100	1	2411
r	1152	742	10	10	0	0	60s	100	1	2411
r	1168	742	10	10	0	0	60s	100	1	2411
r	1172	752	10	10	0	0	60s	100	1	2411
r	1136	762	10	10	0	0	60s	100	1	2412
r	1150	762	10	10	0	0	60s	100	1	2412
r	1162	762	10	10	0	0	60s	100	1	2412
r	1180	726	10	10	0	0	60s	100	1	2412
r	1220	736	10	10	0	0	60s	100	1	2411
r	1238	734	10	10	0	0	60s	100	1	2411
r	1248	740	10	10	0	0	60s	100	1	2411
r	1214	766	10	10	0	0	60s	100	1	2411
r	1224	752	10	10	0	0	60s	100	1	2412
r	1234	768	10	10	0	0	60s	100	1	2412
r	1250	768	10	10	0	0	60s	100	1	2412
r	1256	724	10	10	0	0	60s	100	1	2412
r	1238	752	10	10	0	0	60s	100	1	2413
r	1218	552	10	10	0	0	55s	100	1	2411
r	1238	538	10	10	0	0	55s	100	1	2411
r	1254	546	10	10	0	0	55s	100	1	2411
r	1212	574	10	10	0	0	55s	100	1	2412
r	1236	562	10	10	0	0	55s	100	1	2412
r	1206	526	10	10	0	0	55s	100	1	2412
r	1224	526	10	10	0	0	55s	100	1	2413
r	1256	526	10	10	0	0	55s	100	1	2413
r	1234	572	10	10	0	0	55s	100	1	2414
r	1254	560	10	10	0	0	55s	100	1	2414
r	1134	454	10	10	0	0	60s	100	1	2411
r	1154	450	10	10	0	0	60s	100	1	2411
r	1168	448	10	10	0	0	60s	100	1	2411
r	1134	482	10	10	0	0	60s	100	1	2412
r	1152	482	10	10	0	0	60s	100	1	2412
r	1170	482	10	10	0	0	60s	100	1	2412
r	1148	466	10	10	0	0	60s	100	1	2413
r	1134	434	10	10	0	0	60s	100	1	2413
r	1170	460	10	10	0	0	60s	100	1	2414
r	1180	448	10	10	0	0	60s	100	1	2414
r	1218	372	10	10	0	0	55s	100	1	2411
r	1234	374	10	10	0	0	55s	100	1	2411
r	1246	344	10	10	0	0	55s	100	1	2411
r	1206	354	10	10	0	0	55s	100	1	2412
r	1226	348	10	10	0	0	55s	100	1	2412
r	1248	360	10	10	0	0	55s	100	1	2412
r	1214	382	10	10	0	0	55s	100	1	2413
r	1250	382	10	10	0	0	55s	100	1	2413
r	1232	358	10	10	0	0	55s	100	1	2414
r	1234	334	10	10	0	0	55s	100	1	2414
r	1038	466	10	10	0	0	55s	100	1	2411
r	1050	460	10	10	0	0	55s	100	1	2411
r	1060	448	10	10	0	0	55s	100	1	2411
r	1072	436	10	10	0	0	55s	100	1	2411
r	1030	448	10	10	0	0	55s	100	1	2412
r	1044	440	10	10	0	0	55s	100	1	2412
r	1056	486	10	10	0	0	55s	100	1	2412
r	1068	484	10	10	0	0	55s	100	1	2412
r	1030	480	10	10	0	0	55s	100	1	2413
r	1082	484	10	10	0	0	55s	100	1	2413
r	1064	462	10	10	0	0	55s	100	1	2414
r	1078	452	10	10	0	0	55s	100	1	2414
r	1040	380	10	10	0	0	55s	100	1	2411
r	1062	372	10	10	0	0	55s	100	1	2411
r	1052	386	10	10	0	0	55s	100	1	2411
r	1066	382	10	10	0	0	55s	100	1	2411
r	1032	334	10	10	0	0	55s	100	1	2412
r	1034	348	10	10	0	0	55s	100	1	2412
r	1046	340	10	10	0	0	55s	100	1	2412
r	1070	336	10	10	0	0	55s	100	1	2412
r	1026	362	10	10	0	0	55s	100	1	2413
r	1048	356	10	10	0	0	55s	100	1	2413
r	1062	350	10	10	0	0	55s	100	1	2413
r	1082	374	10	10	0	0	55s	100	1	2414
r	1076	350	10	10	0	0	55s	100	1	2414
r	1024	1114	10	10	0	0	65s	100	1	2411
r	1044	1114	10	10	0	0	65s	100	1	2411
r	1158	1114	10	10	0	0	65s	100	1	2412
r	1180	1112	10	10	0	0	65s	100	1	2412
r	900	1116	10	10	0	0	65s	100	1	2412
r	878	1116	10	10	0	0	65s	100	1	2411
r	1236	1024	10	10	0	0	65s	100	1	2411
r	1238	1044	10	10	0	0	65s	100	1	2411
r	1232	846	10	10	0	0	60s	100	1	2412
r	1238	818	10	10	0	0	60s	100	1	2413
r	1234	658	10	10	0	0	60s	100	1	2413
r	1234	638	10	10	0	0	60s	100	1	2413
r	1162	936	10	10	0	0	60s	100	1	2411
r	1158	862	10	10	0	0	60s	100	1	2411
r	1154	884	10	10	0	0	60s	100	1	2412
r	1154	902	10	10	0	0	60s	100	1	2412
r	1154	672	10	10	0	0	60s	100	1	2412
r	1156	652	10	10	0	0	60s	100	1	2412
r	1156	568	10	10	0	0	60s	100	1	2413
r	1156	580	10	10	0	0	60s	100	1	2414
r	1234	444	10	10	0	0	60s	100	1	2412
r	1238	462	10	10	0	0	60s	100	1	2413
r	1124	356	10	10	0	0	60s	100	1	2413
r	1156	358	10	10	0	0	60s	100	1	2413
r	1166	358	10	10	0	0	60s	100	1	2414
r	912	484	10	10	0	0	55s	100	1	2411
r	902	456	10	10	0	0	55s	100	1	2412
r	940	478	10	10	0	0	55s	100	1	2413
r	942	438	10	10	0	0	55s	100	1	2414
r	900	350	10	10	0	0	55s	100	1	2411
r	914	348	10	10	0	0	55s	100	1	2411
r	926	344	10	10	0	0	55s	100	1	2411
r	936	336	10	10	0	0	55s	100	1	2411
r	894	366	10	10	0	0	55s	100	1	2412
r	904	382	10	10	0	0	55s	100	1	2412
r	888	382	10	10	0	0	55s	100	1	2412
r	908	368	10	10	0	0	55s	100	1	2412
r	920	364	10	10	0	0	55s	100	1	2413
r	920	376	10	10	0	0	55s	100	1	2413
r	942	378	10	10	0	0	55s	100	1	2413
r	946	358	10	10	0	0	55s	100	1	2413
r	894	334	10	10	0	0	55s	100	1	2414
r	908	332	10	10	0	0	55s	100	1	2414
r	890	282	10	10	0	0	50s	100	1	2411
r	906	282	10	10	0	0	50s	100	1	2411
r	916	284	10	10	0	0	50s	100	1	2411
r	926	284	10	10	0	0	50s	100	1	2411
r	898	266	10	10	0	0	50s	100	1	2412
r	938	262	10	10	0	0	50s	100	1	2412
r	890	242	10	10	0	0	50s	100	1	2412
r	902	242	10	10	0	0	50s	100	1	2412
r	908	260	10	10	0	0	50s	100	1	2413
r	940	282	10	10	0	0	50s	100	1	2413
r	942	244	10	10	0	0	50s	100	1	2413
r	926	236	10	10	0	0	50s	100	1	2413
r	920	264	10	10	0	0	50s	100	1	2414
r	916	246	10	10	0	0	50s	100	1	2414
r	1176	286	10	10	0	0	50s	100	1	2411
r	1184	274	10	10	0	0	50s	100	1	2411
r	1194	264	10	10	0	0	50s	100	1	2411
r	1192	286	10	10	0	0	50s	100	1	2411
r	1200	274	10	10	0	0	50s	100	1	2411
r	1204	252	10	10	0	0	50s	100	1	2412
r	1212	262	10	10	0	0	50s	100	1	2412
r	1214	244	10	10	0	0	50s	100	1	2412
r	1188	232	10	10	0	0	50s	100	1	2412
r	1202	236	10	10	0	0	50s	100	1	2412
r	1172	256	10	10	0	0	50s	100	1	2413
r	1182	248	10	10	0	0	50s	100	1	2413
r	1220	284	10	10	0	0	50s	100	1	2413
r	1232	284	10	10	0	0	50s	100	1	2413
r	1204	284	10	10	0	0	50s	100	1	2414
r	1228	264	10	10	0	0	50s	100	1	2414
r	1228	250	10	10	0	0	50s	100	1	2414
r	1224	236	10	10	0	0	50s	100	1	2414
r	1106	198	10	10	0	0	50s	100	1	2411
r	1124	186	10	10	0	0	50s	100	1	2411
r	1126	164	10	10	0	0	50s	100	1	2411
r	1104	174	10	10	0	0	50s	100	1	2412
r	1136	172	10	10	0	0	50s	100	1	2412
r	1098	152	10	10	0	0	50s	100	1	2412
r	1088	198	10	10	0	0	50s	100	1	2413
r	1120	198	10	10	0	0	50s	100	1	2413
r	1140	194	10	10	0	0	50s	100	1	2413
r	1090	176	10	10	0	0	50s	100	1	2414
r	1110	156	10	10	0	0	50s	100	1	2414
r	1142	152	10	10	0	0	50s	100	1	2414
r	1004	266	10	10	0	0	50s	100	1	2413
r	1026	264	10	10	0	0	50s	100	1	2413
r	992	360	10	10	0	0	55s	100	1	2414
r	404	432	10	10	0	0	70s	100	1	2411
r	412	418	10	10	0	0	70s	100	1	2411
r	438	422	10	10	0	0	70s	100	1	2411
r	430	452	10	10	0	0	70s	100	1	2411
r	404	444	10	10	0	0	70s	100	1	2412
r	446	438	10	10	0	0	70s	100	1	2412
r	402	652	10	10	0	0	70s	100	1	2412
r	422	634	10	10	0	0	70s	100	1	2412
r	442	616	10	10	0	0	70s	100	1	2412
r	418	612	10	10	0	0	70s	100	1	2411
r	418	654	10	10	0	0	70s	100	1	2411
r	440	648	10	10	0	0	70s	100	1	2411
r	310	644	10	10	0	0	70s	100	1	2411
r	330	662	10	10	0	0	70s	100	1	2411
r	332	632	10	10	0	0	70s	100	1	2412
r	296	654	10	10	0	0	70s	100	1	2412
r	342	640	10	10	0	0	70s	100	1	2412
r	418	556	10	10	0	0	70s	100	1	2412
r	424	516	10	10	0	0	70s	100	1	2411
r	320	760	10	10	0	0	70s	100	1	2411
r	320	782	10	10	0	0	70s	100	1	2411
r	326	806	10	10	0	0	70s	100	1	2411
r	318	960	10	10	0	0	70s	100	1	2412
r	320	978	10	10	0	0	70s	100	1	2412
r	322	998	10	10	0	0	70s	100	1	2412
r	304	1092	10	10	0	0	65s	100	1	2411
r	328	1078	10	10	0	0	65s	100	1	2411
r	348	1102	10	10	0	0	65s	100	1	2411
r	322	1112	10	10	0	0	65s	100	1	2411
r	324	1090	10	10	0	0	65s	100	1	2412
r	306	1068	10	10	0	0	65s	100	1	2412
r	348	1076	10	10	0	0	65s	100	1	2412
r	336	1114	10	10	0	0	65s	100	1	2412
r	448	1112	10	10	0	0	65s	100	1	2411
r	480	1112	10	10	0	0	65s	100	1	2411
r	452	1070	10	10	0	0	65s	100	1	2411
r	472	1070	10	10	0	0	65s	100	1	2411
r	438	1084	10	10	0	0	65s	100	1	2412
r	460	1084	10	10	0	0	65s	100	1	2412
r	484	1084	10	10	0	0	65s	100	1	2412
r	462	1098	10	10	0	0	65s	100	1	2412
r	460	1114	10	10	0	0	65s	100	1	2412
r	580	1028	10	10	0	0	65s	100	1	2411
r	594	1026	10	10	0	0	65s	100	1	2411
r	578	986	10	10	0	0	65s	100	1	2411
r	590	986	10	10	0	0	65s	100	1	2411
r	586	1000	10	10	0	0	65s	100	1	2411
r	574	1014	10	10	0	0	65s	100	1	2412
r	616	986	10	10	0	0	65s	100	1	2412
r	618	998	10	10	0	0	65s	100	1	2412
r	624	1014	10	10	0	0	65s	100	1	2412
r	604	1030	10	10	0	0	65s	100	1	2412
r	600	992	10	10	0	0	65s	100	1	2411
r	624	1030	10	10	0	0	65s	100	1	2411
r	598	1012	10	10	0	0	65s	100	1	2413
r	608	1010	10	10	0	0	65s	100	1	2413
r	628	986	10	10	0	0	65s	100	1	2413
r	380	986	10	10	0	0	65s	100	1	2411
r	406	986	10	10	0	0	65s	100	1	2411
r	392	1024	10	10	0	0	60s	100	1	2411
r	402	1026	10	10	0	0	60s	100	1	2411
r	414	1032	10	10	0	0	60s	100	1	2412
r	420	1016	10	10	0	0	60s	100	1	2412
r	374	1016	10	10	0	0	60s	100	1	2412
r	370	996	10	10	0	0	60s	100	1	2412
r	416	980	10	10	0	0	60s	100	1	2412
r	424	992	10	10	0	0	60s	100	1	2412
r	382	1002	10	10	0	0	60s	100	1	2413
r	396	1004	10	10	0	0	60s	100	1	2413
r	410	998	10	10	0	0	60s	100	1	2413
r	406	1012	10	10	0	0	60s	100	1	2413
r	428	1004	10	10	0	0	60s	100	1	2413
r	368	734	10	10	0	0	60s	100	1	2411
r	370	746	10	10	0	0	60s	100	1	2411
r	372	756	10	10	0	0	60s	100	1	2411
r	406	730	10	10	0	0	60s	100	1	2411
r	406	742	10	10	0	0	60s	100	1	2411
r	404	756	10	10	0	0	60s	100	1	2411
r	382	726	10	10	0	0	60s	100	1	2412
r	384	736	10	10	0	0	60s	100	1	2412
r	386	750	10	10	0	0	60s	100	1	2412
r	392	762	10	10	0	0	60s	100	1	2412
r	414	718	10	10	0	0	60s	100	1	2412
r	420	746	10	10	0	0	60s	100	1	2413
r	420	758	10	10	0	0	60s	100	1	2413
r	398	772	10	10	0	0	60s	100	1	2413
r	398	714	10	10	0	0	60s	100	1	2413
r	382	712	10	10	0	0	60s	100	1	2413
r	426	716	10	10	0	0	60s	100	1	2413
r	394	732	10	10	0	0	60s	100	1	2414
r	428	734	10	10	0	0	60s	100	1	2414
r	474	1004	10	10	0	0	65s	100	1	2412
r	528	1004	10	10	0	0	65s	100	1	2412
r	502	1008	10	10	0	0	65s	100	1	2413
r	402	926	10	10	0	0	65s	100	1	2413
r	394	822	10	10	0	0	65s	100	1	2411
r	518	1092	10	10	0	0	65s	100	1	2412
r	538	1092	10	10	0	0	65s	100	1	2412
r	448	1202	10	10	0	0	65s	100	1	2411
r	470	1202	10	10	0	0	65s	100	1	2411
r	452	1228	10	10	0	0	65s	100	1	2411
r	466	1230	10	10	0	0	65s	100	1	2411
r	446	1214	10	10	0	0	65s	100	1	2412
r	460	1214	10	10	0	0	65s	100	1	2412
r	476	1214	10	10	0	0	65s	100	1	2412
r	470	1242	10	10	0	0	65s	100	1	2412
r	482	1228	10	10	0	0	65s	100	1	2413
r	460	1188	10	10	0	0	65s	100	1	2413
r	234	1226	10	10	0	0	60s	100	1	2411
r	244	1210	10	10	0	0	60s	100	1	2411
r	250	1224	10	10	0	0	60s	100	1	2411
r	256	1208	10	10	0	0	60s	100	1	2411
r	236	1242	10	10	0	0	60s	100	1	2412
r	248	1236	10	10	0	0	60s	100	1	2412
r	268	1196	10	10	0	0	60s	100	1	2412
r	226	1188	10	10	0	0	60s	100	1	2412
r	248	1192	10	10	0	0	60s	100	1	2413
r	268	1222	10	10	0	0	60s	100	1	2413
r	238	1072	10	10	0	0	55s	100	1	2411
r	250	1070	10	10	0	0	55s	100	1	2411
r	242	1034	10	10	0	0	55s	100	1	2411
r	258	1034	10	10	0	0	55s	100	1	2411
r	222	1080	10	10	0	0	55s	100	1	2412
r	268	1076	10	10	0	0	60s	100	1	2412
r	270	1038	10	10	0	0	60s	100	1	2412
r	224	1048	10	10	0	0	60s	100	1	2412
r	224	1034	10	10	0	0	60s	100	1	2413
r	238	1046	10	10	0	0	60s	100	1	2413
r	248	1050	10	10	0	0	60s	100	1	2413
r	266	1054	10	10	0	0	60s	100	1	2413
r	148	1038	10	10	0	0	55s	100	1	2411
r	126	1070	10	10	0	0	55s	100	1	2411
r	176	1074	10	10	0	0	55s	100	1	2411
r	152	1080	10	10	0	0	55s	100	1	2412
r	126	1034	10	10	0	0	55s	100	1	2412
r	170	1034	10	10	0	0	55s	100	1	2412
r	134	1054	10	10	0	0	55s	100	1	2413
r	150	1054	10	10	0	0	55s	100	1	2413
r	172	1052	10	10	0	0	55s	100	1	2413
r	134	748	10	10	0	0	50s	100	1	2413
r	154	734	10	10	0	0	50s	100	1	2413
r	168	708	10	10	0	0	50s	100	1	2413
r	132	708	10	10	0	0	50s	100	1	2412
r	176	720	10	10	0	0	50s	100	1	2412
r	178	742	10	10	0	0	50s	100	1	2412
r	156	756	10	10	0	0	50s	100	1	2411
r	128	722	10	10	0	0	50s	100	1	2411
r	148	710	10	10	0	0	50s	100	1	2411
r	230	708	10	10	0	0	50s	100	1	2411
r	270	754	10	10	0	0	50s	100	1	2411
r	224	758	10	10	0	0	50s	100	1	2411
r	272	704	10	10	0	0	50s	100	1	2411
r	220	722	10	10	0	0	50s	100	1	2412
r	222	732	10	10	0	0	50s	100	1	2412
r	272	716	10	10	0	0	50s	100	1	2412
r	272	728	10	10	0	0	50s	100	1	2412
r	248	704	10	10	0	0	50s	100	1	2413
r	246	714	10	10	0	0	50s	100	1	2413
r	244	730	10	10	0	0	50s	100	1	2413
r	248	748	10	10	0	0	50s	100	1	2413
r	384	1218	10	10	0	0	65s	100	1	2411
r	398	1218	10	10	0	0	65s	100	1	2411
r	326	1216	10	10	0	0	60s	100	1	2412
r	344	1214	10	10	0	0	60s	100	1	2412
r	252	970	10	10	0	0	60s	100	1	2413
r	250	948	10	10	0	0	60s	100	1	2413
r	250	920	10	10	0	0	60s	100	1	2413
r	248	838	10	10	0	0	60s	100	1	2412
r	250	808	10	10	0	0	55s	100	1	2411
r	148	910	10	10	0	0	55s	100	1	2411
r	150	878	10	10	0	0	55s	100	1	2411
r	154	846	10	10	0	0	55s	100	1	2412
r	150	940	10	10	0	0	50s	100	1	2412
r	150	968	10	10	0	0	50s	100	1	2413
r	148	1136	10	10	0	0	55s	100	1	2413
r	156	1214	10	10	0	0	55s	100	1	2413
r	152	1172	10	10	0	0	55s	100	1	2412
r	150	570	10	10	0	0	50s	100	1	2414
r	148	400	10	10	0	0	50s	100	1	2414
r	230	254	10	10	0	0	45s	100	1	2411
r	224	302	10	10	0	0	45s	100	1	2411
r	276	302	10	10	0	0	45s	100	1	2411
r	276	252	10	10	0	0	45s	100	1	2411
r	222	272	10	10	0	0	45s	100	1	2412
r	252	254	10	10	0	0	45s	100	1	2412
r	272	264	10	10	0	0	45s	100	1	2412
r	254	302	10	10	0	0	45s	100	1	2412
r	226	286	10	10	0	0	45s	100	1	2413
r	238	266	10	10	0	0	45s	100	1	2413
r	254	266	10	10	0	0	45s	100	1	2413
r	272	276	10	10	0	0	45s	100	1	2413
r	242	284	10	10	0	0	45s	100	1	2414
r	254	280	10	10	0	0	45s	100	1	2414
r	234	298	10	10	0	0	45s	100	1	2414
r	264	290	10	10	0	0	45s	100	1	2414
r	316	274	10	10	0	0	45s	100	1	2411
r	328	262	10	10	0	0	45s	100	1	2411
r	340	264	10	10	0	0	45s	100	1	2412
r	332	250	10	10	0	0	45s	100	1	2413
r	350	252	10	10	0	0	45s	100	1	2414
r	226	416	10	10	0	0	45s	100	1	2414
r	242	416	10	10	0	0	45s	100	1	2414
r	254	416	10	10	0	0	45s	100	1	2414
r	264	412	10	10	0	0	45s	100	1	2414
r	276	412	10	10	0	0	45s	100	1	2414
r	224	430	10	10	0	0	45s	100	1	2413
r	238	428	10	10	0	0	45s	100	1	2413
r	250	428	10	10	0	0	45s	100	1	2413
r	264	428	10	10	0	0	45s	100	1	2413
r	276	428	10	10	0	0	45s	100	1	2413
r	272	442	10	10	0	0	45s	100	1	2411
r	226	444	10	10	0	0	45s	100	1	2411
r	238	444	10	10	0	0	45s	100	1	2411
r	250	444	10	10	0	0	45s	100	1	2411
r	260	444	10	10	0	0	45s	100	1	2411
r	252	350	10	10	0	0	45s	100	1	2413
r	252	362	10	10	0	0	45s	100	1	2413
r	132	1298	10	10	0	0	60s	100	1	2411
r	142	1284	10	10	0	0	60s	100	1	2411
r	170	1316	10	10	0	0	60s	100	1	2411
r	144	1322	10	10	0	0	60s	100	1	2412
r	160	1292	10	10	0	0	60s	100	1	2412
r	168	1280	10	10	0	0	60s	100	1	2412
r	128	1308	10	10	0	0	60s	100	1	2413
r	156	1326	10	10	0	0	60s	100	1	2413
r	592	1282	10	10	0	0	60s	100	1	2411
r	606	1304	10	10	0	0	60s	100	1	2411
r	620	1316	10	10	0	0	60s	100	1	2411
r	584	1314	10	10	0	0	60s	100	1	2412
r	612	1282	10	10	0	0	60s	100	1	2412
r	628	1274	10	10	0	0	60s	100	1	2412
r	586	1300	10	10	0	0	60s	100	1	2413
r	600	1316	10	10	0	0	60s	100	1	2413
r	576	1216	10	10	0	0	60s	100	1	2411
r	594	1208	10	10	0	0	60s	100	1	2411
r	612	1200	10	10	0	0	60s	100	1	2411
r	596	1240	10	10	0	0	60s	100	1	2412
r	610	1236	10	10	0	0	60s	100	1	2412
r	626	1234	10	10	0	0	60s	100	1	2412
r	586	1226	10	10	0	0	60s	100	1	2413
r	628	1210	10	10	0	0	60s	100	1	2413
r	232	552	10	10	0	0	55s	100	1	2411
r	244	566	10	10	0	0	55s	100	1	2411
r	262	582	10	10	0	0	55s	100	1	2411
r	270	592	10	10	0	0	55s	100	1	2411
r	226	574	10	10	0	0	55s	100	1	2412
r	252	592	10	10	0	0	55s	100	1	2412
r	248	540	10	10	0	0	55s	100	1	2412
r	268	564	10	10	0	0	55s	100	1	2412
r	232	588	10	10	0	0	55s	100	1	2413
r	270	544	10	10	0	0	55s	100	1	2413
r	278	564	10	10	0	0	55s	100	1	2413
r	254	556	10	10	0	0	55s	100	1	2414
r	276	578	10	10	0	0	55s	100	1	2414
r	326	548	10	10	0	0	55s	100	1	2411
r	340	548	10	10	0	0	55s	100	1	2411
r	358	574	10	10	0	0	55s	100	1	2411
r	330	558	10	10	0	0	55s	100	1	2412
r	354	558	10	10	0	0	55s	100	1	2412
r	372	548	10	10	0	0	55s	100	1	2413
r	374	566	10	10	0	0	55s	100	1	2413
r	376	590	10	10	0	0	55s	100	1	2414
r	352	540	10	10	0	0	55s	100	1	2414
r	330	374	10	10	0	0	50s	100	1	2411
r	360	378	10	10	0	0	50s	100	1	2411
r	324	356	10	10	0	0	50s	100	1	2412
r	340	356	10	10	0	0	50s	100	1	2412
r	342	378	10	10	0	0	50s	100	1	2412
r	370	378	10	10	0	0	50s	100	1	2412
r	372	360	10	10	0	0	50s	100	1	2413
r	352	358	10	10	0	0	50s	100	1	2414
r	348	434	10	10	0	0	55s	100	1	2413
r	348	460	10	10	0	0	55s	100	1	2412
r	352	486	10	10	0	0	55s	100	1	2411
r	464	334	10	10	0	0	50s	100	1	2411
r	474	332	10	10	0	0	50s	100	1	2411
r	466	346	10	10	0	0	50s	100	1	2411
r	480	348	10	10	0	0	50s	100	1	2411
r	464	356	10	10	0	0	50s	100	1	2411
r	464	372	10	10	0	0	50s	100	1	2412
r	476	368	10	10	0	0	50s	100	1	2412
r	486	378	10	10	0	0	50s	100	1	2412
r	498	370	10	10	0	0	50s	100	1	2412
r	510	372	10	10	0	0	50s	100	1	2412
r	510	348	10	10	0	0	50s	100	1	2413
r	510	326	10	10	0	0	50s	100	1	2413
r	488	322	10	10	0	0	50s	100	1	2413
r	492	356	10	10	0	0	50s	100	1	2414
r	504	358	10	10	0	0	50s	100	1	2414
r	466	240	10	10	0	0	50s	100	1	2411
r	478	240	10	10	0	0	50s	100	1	2411
r	490	240	10	10	0	0	50s	100	1	2411
r	500	240	10	10	0	0	50s	100	1	2411
r	512	240	10	10	0	0	50s	100	1	2411
r	472	272	10	10	0	0	50s	100	1	2412
r	484	272	10	10	0	0	50s	100	1	2412
r	496	272	10	10	0	0	50s	100	1	2412
r	506	272	10	10	0	0	50s	100	1	2412
r	468	254	10	10	0	0	50s	100	1	2413
r	506	254	10	10	0	0	50s	100	1	2413
r	460	282	10	10	0	0	50s	100	1	2414
r	474	288	10	10	0	0	50s	100	1	2414
r	500	288	10	10	0	0	50s	100	1	2414
r	512	284	10	10	0	0	50s	100	1	2412
r	662	238	10	10	0	0	50s	100	1	2411
r	672	248	10	10	0	0	50s	100	1	2411
r	682	256	10	10	0	0	50s	100	1	2411
r	686	266	10	10	0	0	50s	100	1	2411
r	694	276	10	10	0	0	50s	100	1	2411
r	696	248	10	10	0	0	50s	100	1	2412
r	684	236	10	10	0	0	50s	100	1	2412
r	706	260	10	10	0	0	50s	100	1	2412
r	706	274	10	10	0	0	50s	100	1	2412
r	712	286	10	10	0	0	50s	100	1	2412
r	666	266	10	10	0	0	50s	100	1	2413
r	672	278	10	10	0	0	50s	100	1	2413
r	682	282	10	10	0	0	50s	100	1	2413
r	708	240	10	10	0	0	50s	100	1	2414
r	664	290	10	10	0	0	50s	100	1	2414
r	648	176	10	10	0	0	50s	100	1	2411
r	722	172	10	10	0	0	50s	100	1	2411
r	666	176	10	10	0	0	50s	100	1	2411
r	680	176	10	10	0	0	50s	100	1	2411
r	694	172	10	10	0	0	50s	100	1	2411
r	664	198	10	10	0	0	50s	100	1	2412
r	712	200	10	10	0	0	50s	100	1	2412
r	658	150	10	10	0	0	50s	100	1	2412
r	680	150	10	10	0	0	50s	100	1	2412
r	670	160	10	10	0	0	50s	100	1	2412
r	694	154	10	10	0	0	50s	100	1	2413
r	706	154	10	10	0	0	50s	100	1	2413
r	682	204	10	10	0	0	50s	100	1	2413
r	680	190	10	10	0	0	50s	100	1	2414
r	708	180	10	10	0	0	50s	100	1	2414
r	132	270	10	10	0	0	50s	100	1	2413
r	136	299	10	10	0	0	50s	100	1	2411
r	158	296	10	10	0	0	50s	100	1	2411
r	1093	245	10	10	0	0	50s	100	1	2414
r	1093	270	10	10	0	0	50s	100	1	2414
r	126	254	10	10	0	0	50s	100	1	2409
r	167	252	10	10	0	0	50s	100	1	2409
r	1125	233	10	10	0	0	50s	100	1	2409
r	1126	277	10	10	0	0	50s	100	1	2409
r	592	331	10	10	0	0	70s	100	1	2412
r	623	363	10	10	0	0	70s	100	1	2412
r	609	327	10	10	0	0	70s	100	1	2411
r	627	336	10	10	0	0	70s	100	1	2411
r	588	359	10	10	0	0	70s	100	1	2411
r	602	366	10	10	0	0	70s	100	1	2413
r	608	346	10	10	0	0	70s	100	1	2413
r	231	388	10	10	0	0	45s	100	1	2412
r	250	388	10	10	0	0	45s	100	1	2412
r	266	399	10	10	0	0	45s	100	1	2412
r	234	403	10	10	0	0	45s	100	1	2412
r	586	440	10	10	0	0	70s	100	1	2412
r	587	459	10	10	0	0	70s	100	1	2411
r	605	450	10	10	0	0	70s	100	1	2409
r	783	435	10	10	0	0	70s	100	1	2408
r	829	434	10	10	0	0	70s	100	1	2408
r	805	435	10	10	0	0	70s	100	1	2409
r	886	439	10	10	0	0	70s	100	1	2408
r	921	467	10	10	0	0	70s	100	1	2408
r	1318	382	10	10	0	0	55s	100	1	2413
r	1359	397	10	10	0	0	55s	100	1	2413
r	1319	433	10	10	0	0	55s	100	1	2414
r	1342	380	10	10	0	0	55s	100	1	2414
r	1342	438	10	10	0	0	55s	100	1	2411
r	1358	416	10	10	0	0	55s	100	1	2411
r	1334	408	10	10	0	0	55s	100	1	2411
r	1215	537	10	10	0	0	55s	100	1	2411
r	1305	541	10	10	0	0	55s	100	1	2413
r	312	659	10	10	0	0	70s	100	1	2411
r	405	638	10	10	0	0	70s	100	1	2411
r	392	629	10	10	0	0	70s	100	1	2411
r	1071	887	10	10	0	0	65s	100	1	2408
r	1085	903	10	10	0	0	65s	100	1	2408
r	1051	915	10	10	0	0	65s	100	1	2409
r	1069	922	10	10	0	0	65s	100	1	2409
r	1055	935	10	10	0	0	65s	100	1	2408
r	1078	939	10	10	0	0	65s	100	1	2408
r	714	1134	10	10	0	0	65s	100	1	2411
r	748	1092	10	10	0	0	65s	100	1	2412
r	934	1092	10	10	0	0	65s	100	1	2412
r	925	1111	10	10	0	0	65s	100	1	2411
r	975	1099	10	10	0	0	65s	100	1	2412
r	1070	1126	10	10	0	0	60s	100	1	2412
r	1091	1090	10	10	0	0	60s	100	1	2411
r	1324	1022	10	10	0	0	60s	100	1	2413
r	1364	1042	10	10	0	0	60s	100	1	2411
r	223	1208	10	10	0	0	60s	100	1	2412
r	577	1240	10	10	0	0	60s	100	1	2412
r	599	1225	10	10	0	0	60s	100	1	2411
r	790	1215	10	10	0	0	65s	100	1	2411
r	919	1277	10	10	0	0	65s	100	1	2411
r	942	1280	10	10	0	0	65s	100	1	2411
r	904	1295	10	10	0	0	65s	100	1	2412
r	918	1312	10	10	0	0	65s	100	1	2412
r	942	1309	10	10	0	0	65s	100	1	2409
r	952	1292	10	10	0	0	65s	100	1	2409
r	1419	1279	10	10	0	0	60s	100	1	2411
r	837	1104	10	10	0	0	65s	100	1	2411
r	838	1124	10	10	0	0	65s	100	1	2411
r	805	1134	10	10	0	0	65s	100	1	2411
r	824	1137	10	10	0	0	65s	100	1	2411
r	819	1113	10	10	0	0	65s	100	1	2412
r	809	1105	10	10	0	0	65s	100	1	2412
r	570	1083	10	10	0	0	65s	100	1	2412
r	574	1102	10	10	0	0	65s	100	1	2412
r	585	1117	10	10	0	0	65s	100	1	2412
r	585	1067	10	10	0	0	65s	100	1	2411
r	599	1088	10	10	0	0	65s	100	1	2411
r	611	1105	10	10	0	0	65s	100	1	2411
r	396	350	10	10	0	0	60s	100	1	2413
r	297	565	10	10	0	0	60s	100	1	2413
r	310	565	10	10	0	0	60s	100	1	2413
r	344	521	10	10	0	0	60s	100	1	2412
r	357	526	10	10	0	0	60s	100	1	2412
r	316	681	10	10	0	0	60s	100	1	2411
r	368	645	10	10	0	0	60s	100	1	2411
r	346	667	10	10	0	0	60s	100	1	2412
r	860	624	10	10	0	0	45s	100	1	2408
r	874	620	10	10	0	0	45s	100	1	2408
r	888	620	10	10	0	0	45s	100	1	2408
r	896	632	10	10	0	0	45s	100	1	2408
r	862	650	10	10	0	0	45s	100	1	2408
r	876	650	10	10	0	0	45s	100	1	2408
r	894	656	10	10	0	0	45s	100	1	2408
r	872	668	10	10	0	0	45s	100	1	2408
r	640	622	10	10	0	0	45s	100	1	2408
r	664	620	10	10	0	0	45s	100	1	2408
r	640	660	10	10	0	0	45s	100	1	2408
r	670	660	10	10	0	0	45s	100	1	2408
r	634	636	10	10	0	0	45s	100	1	2409
r	650	632	10	10	0	0	45s	100	1	2409
r	672	634	10	10	0	0	45s	100	1	2409
r	654	650	10	10	0	0	45s	100	1	2409
r	550	654	10	10	0	0	45s	100	1	2409
r	576	654	10	10	0	0	45s	100	1	2409
r	582	622	10	10	0	0	45s	100	1	2409
r	558	664	10	10	0	0	45s	100	1	2409
r	578	634	10	10	0	0	45s	100	1	2409
r	548	624	10	10	0	0	45s	100	1	2409
r	560	636	10	10	0	0	45s	100	1	2409
r	592	658	10	10	0	0	45s	100	1	2409
r	632	728	10	10	0	0	70s	100	1	2409
r	652	720	10	10	0	0	70s	100	1	2409
r	672	744	10	10	0	0	70s	100	1	2409
r	642	762	10	10	0	0	70s	100	1	2409
r	672	764	10	10	0	0	70s	100	1	2409
r	644	736	10	10	0	0	70s	100	1	2408
r	668	718	10	10	0	0	70s	100	1	2408
r	656	750	10	10	0	0	70s	100	1	2408
r	630	748	10	10	0	0	70s	100	1	2408
r	678	726	10	10	0	0	70s	100	1	2408
r	766	726	10	10	0	0	70s	100	1	2408
r	790	722	10	10	0	0	70s	100	1	2408
r	796	744	10	10	0	0	70s	100	1	2408
r	766	744	10	10	0	0	70s	100	1	2408
r	772	760	10	10	0	0	70s	100	1	2408
r	792	764	10	10	0	0	70s	100	1	2408
r	776	728	10	10	0	0	70s	100	1	2408
r	776	742	10	10	0	0	70s	100	1	2408
r	808	724	10	10	0	0	70s	100	1	2408
r	816	738	10	10	0	0	70s	100	1	2408
r	814	750	10	10	0	0	70s	100	1	2408
r	812	762	10	10	0	0	70s	100	1	2408
r	548	826	10	10	0	0	65s	100	1	2408
r	576	822	10	10	0	0	65s	100	1	2408
r	586	862	10	10	0	0	65s	100	1	2408
r	558	860	10	10	0	0	65s	100	1	2408
r	564	834	10	10	0	0	65s	100	1	2409
r	544	840	10	10	0	0	65s	100	1	2409
r	570	856	10	10	0	0	65s	100	1	2409
r	580	832	10	10	0	0	65s	100	1	2409
r	780	828	10	10	0	0	65s	100	1	2409
r	814	830	10	10	0	0	65s	100	1	2409
r	804	864	10	10	0	0	65s	100	1	2409
r	774	862	10	10	0	0	65s	100	1	2409
r	786	846	10	10	0	0	65s	100	1	2408
r	796	816	10	10	0	0	65s	100	1	2408
r	802	838	10	10	0	0	65s	100	1	2408
r	966	860	10	10	0	0	55s	100	1	2408
r	1002	862	10	10	0	0	55s	100	1	2408
r	968	822	10	10	0	0	55s	100	1	2408
r	998	822	10	10	0	0	55s	100	1	2408
r	958	836	10	10	0	0	55s	100	1	2409
r	982	854	10	10	0	0	55s	100	1	2409
r	1002	836	10	10	0	0	55s	100	1	2409
r	812	638	10	10	0	0	45s	100	1	2408
r	772	642	10	10	0	0	45s	100	1	2408
r	716	638	10	10	0	0	45s	100	1	2408
r	568	700	10	10	0	0	45s	100	1	2409
r	562	738	10	10	0	0	50s	100	1	2409
r	568	768	10	10	0	0	50s	100	1	2409
r	626	840	10	10	0	0	50s	100	1	2409
r	722	840	10	10	0	0	50s	100	1	2409
r	670	842	10	10	0	0	50s	100	1	2408
r	868	840	10	10	0	0	50s	100	1	2408
r	904	842	10	10	0	0	55s	100	1	2409
r	962	622	10	10	0	0	55s	100	1	2408
r	980	616	10	10	0	0	55s	100	1	2408
r	990	614	10	10	0	0	55s	100	1	2408
r	1000	616	10	10	0	0	55s	100	1	2408
r	1010	628	10	10	0	0	55s	100	1	2408
r	954	646	10	10	0	0	55s	100	1	2409
r	986	642	10	10	0	0	55s	100	1	2409
r	996	654	10	10	0	0	55s	100	1	2409
r	972	658	10	10	0	0	55s	100	1	2409
r	1054	664	10	10	0	0	60s	100	1	2408
r	1102	664	10	10	0	0	60s	100	1	2408
r	1056	612	10	10	0	0	60s	100	1	2408
r	1098	614	10	10	0	0	60s	100	1	2408
r	1044	634	10	10	0	0	60s	100	1	2408
r	1102	638	10	10	0	0	60s	100	1	2408
r	1058	634	10	10	0	0	60s	100	1	2409
r	1068	616	10	10	0	0	60s	100	1	2409
r	1084	616	10	10	0	0	60s	100	1	2409
r	1084	648	10	10	0	0	60s	100	1	2409
r	1082	664	10	10	0	0	60s	100	1	2409
r	1062	560	10	10	0	0	60s	100	1	2409
r	1088	560	10	10	0	0	60s	100	1	2409
r	1098	540	10	10	0	0	60s	100	1	2409
r	1098	514	10	10	0	0	60s	100	1	2409
r	1054	518	10	10	0	0	60s	100	1	2409
r	1072	512	10	10	0	0	60s	100	1	2408
r	1072	524	10	10	0	0	60s	100	1	2408
r	1072	564	10	10	0	0	60s	100	1	2408
r	1100	556	10	10	0	0	60s	100	1	2408
r	792	518	10	10	0	0	65s	100	1	2408
r	804	526	10	10	0	0	65s	100	1	2408
r	812	538	10	10	0	0	65s	100	1	2408
r	820	550	10	10	0	0	65s	100	1	2408
r	834	558	10	10	0	0	65s	100	1	2408
r	798	558	10	10	0	0	65s	100	1	2409
r	794	542	10	10	0	0	65s	100	1	2409
r	810	560	10	10	0	0	65s	100	1	2409
r	812	510	10	10	0	0	65s	100	1	2409
r	838	534	10	10	0	0	65s	100	1	2409
r	470	520	10	10	0	0	70s	100	1	2408
r	498	520	10	10	0	0	70s	100	1	2408
r	478	532	10	10	0	0	70s	100	1	2408
r	486	564	10	10	0	0	70s	100	1	2408
r	464	566	10	10	0	0	70s	100	1	2409
r	464	544	10	10	0	0	70s	100	1	2409
r	506	560	10	10	0	0	70s	100	1	2409
r	514	530	10	10	0	0	70s	100	1	2409
r	492	908	10	10	0	0	60s	100	1	2409
r	512	914	10	10	0	0	60s	100	1	2409
r	472	954	10	10	0	0	60s	100	1	2409
r	462	934	10	10	0	0	60s	100	1	2409
r	480	922	10	10	0	0	60s	100	1	2408
r	500	924	10	10	0	0	60s	100	1	2408
r	506	940	10	10	0	0	60s	100	1	2408
r	506	956	10	10	0	0	60s	100	1	2408
r	728	906	10	10	0	0	65s	100	1	2408
r	746	906	10	10	0	0	65s	100	1	2408
r	768	908	10	10	0	0	65s	100	1	2408
r	762	956	10	10	0	0	65s	100	1	2408
r	746	938	10	10	0	0	65s	100	1	2408
r	728	918	10	10	0	0	65s	100	1	2408
r	766	928	10	10	0	0	65s	100	1	2409
r	774	940	10	10	0	0	65s	100	1	2409
r	730	954	10	10	0	0	65s	100	1	2409
r	734	1004	10	10	0	0	65s	100	1	2408
r	744	990	10	10	0	0	65s	100	1	2408
r	768	1040	10	10	0	0	65s	100	1	2408
r	776	1026	10	10	0	0	65s	100	1	2408
r	734	1040	10	10	0	0	65s	100	1	2409
r	744	1026	10	10	0	0	65s	100	1	2409
r	752	1014	10	10	0	0	65s	100	1	2409
r	760	1002	10	10	0	0	65s	100	1	2409
r	768	990	10	10	0	0	65s	100	1	2409
r	962	1040	10	10	0	0	65s	100	1	2409
r	956	1016	10	10	0	0	65s	100	1	2409
r	946	994	10	10	0	0	65s	100	1	2409
r	930	1024	10	10	0	0	65s	100	1	2408
r	978	992	10	10	0	0	65s	100	1	2408
r	982	1036	10	10	0	0	65s	100	1	2408
r	932	956	10	10	0	0	65s	100	1	2409
r	914	934	10	10	0	0	65s	100	1	2409
r	922	922	10	10	0	0	65s	100	1	2409
r	938	938	10	10	0	0	65s	100	1	2409
r	954	920	10	10	0	0	65s	100	1	2409
r	948	954	10	10	0	0	65s	100	1	2408
r	958	938	10	10	0	0	65s	100	1	2408
r	964	952	10	10	0	0	65s	100	1	2408
r	930	906	10	10	0	0	65s	100	1	2408
r	912	906	10	10	0	0	65s	100	1	2408
r	792	416	10	10	0	0	70s	100	1	2411
r	832	454	10	10	0	0	70s	100	1	2411
r	612	434	10	10	0	0	70s	100	1	2411
r	628	414	10	10	0	0	70s	100	1	2411
r	594	418	10	10	0	0	70s	100	1	2409
r	630	430	10	10	0	0	70s	100	1	2408
r	726	340	10	10	0	0	65s	100	1	2408
r	728	350	10	10	0	0	65s	100	1	2408
r	724	360	10	10	0	0	65s	100	1	2409
r	734	364	10	10	0	0	65s	100	1	2409
r	734	322	10	10	0	0	65s	100	1	2411
r	748	326	10	10	0	0	65s	100	1	2411
r	766	326	10	10	0	0	65s	100	1	2411
r	768	340	10	10	0	0	65s	100	1	2411
r	774	350	10	10	0	0	65s	100	1	2411
r	742	374	10	10	0	0	65s	100	1	2412
r	756	366	10	10	0	0	65s	100	1	2412
r	768	372	10	10	0	0	65s	100	1	2412
r	778	364	10	10	0	0	65s	100	1	2412
r	780	330	10	10	0	0	65s	100	1	2412
r	730	542	10	10	0	0	65s	100	1	2408
r	744	538	10	10	0	0	65s	100	1	2408
r	708	536	10	10	0	0	65s	100	1	2408
r	564	542	10	10	0	0	70s	100	1	2409
r	584	536	10	10	0	0	70s	100	1	2409
r	604	536	10	10	0	0	70s	100	1	2409
r	894	538	10	10	0	0	70s	100	1	2409
r	954	536	10	10	0	0	70s	100	1	2409
r	1000	542	10	10	0	0	70s	100	1	2409
r	930	536	10	10	0	0	70s	100	1	2408
r	970	536	10	10	0	0	70s	100	1	2408
r	488	610	10	10	0	0	70s	100	1	2408
r	488	642	10	10	0	0	70s	100	1	2408
r	494	622	10	10	0	0	70s	100	1	2409
r	488	656	10	10	0	0	70s	100	1	2409
r	490	774	10	10	0	0	65s	100	1	2409
r	492	792	10	10	0	0	65s	100	1	2409
r	486	806	10	10	0	0	65s	100	1	2408
r	486	832	10	10	0	0	65s	100	1	2408
r	492	742	10	10	0	0	65s	100	1	2408
r	984	720	10	10	0	0	55s	100	1	2409
r	984	758	10	10	0	0	55s	100	1	2408
r	1078	716	10	10	0	0	60s	100	1	2408
r	1080	736	10	10	0	0	60s	100	1	2408
r	1080	834	10	10	0	0	60s	100	1	2409
r	1080	850	10	10	0	0	60s	100	1	2409
r	694	438	10	10	0	0	70s	100	1	2411
r	734	438	10	10	0	0	70s	100	1	2411
r	808	1234	10	10	0	0	65s	100	1	2411
r	830	1228	10	10	0	0	65s	100	1	2411
r	834	1212	10	10	0	0	65s	100	1	2411
r	806	1210	10	10	0	0	65s	100	1	2412
r	814	1196	10	10	0	0	65s	100	1	2412
r	844	1236	10	10	0	0	65s	100	1	2412
r	922	1226	10	10	0	0	65s	100	1	2411
r	936	1210	10	10	0	0	65s	100	1	2411
r	946	1218	10	10	0	0	65s	100	1	2411
r	920	1236	10	10	0	0	65s	100	1	2411
r	922	1206	10	10	0	0	65s	100	1	2412
r	940	1228	10	10	0	0	65s	100	1	2412
r	954	1196	10	10	0	0	65s	100	1	2412
r	1090	1208	10	10	0	0	60s	100	1	2412
r	1102	1218	10	10	0	0	60s	100	1	2412
r	1114	1224	10	10	0	0	60s	100	1	2412
r	1088	1228	10	10	0	0	60s	100	1	2411
r	1102	1230	10	10	0	0	60s	100	1	2411
r	1114	1196	10	10	0	0	60s	100	1	2411
r	1122	1208	10	10	0	0	60s	100	1	2411
r	712	1324	10	10	0	0	75s	100	1	2411
r	728	1320	10	10	0	0	75s	100	1	2411
r	704	1306	10	10	0	0	75s	100	1	2411
r	718	1302	10	10	0	0	75s	100	1	2411
r	706	1282	10	10	0	0	75s	100	1	2411
r	756	1328	10	10	0	0	75s	100	1	2412
r	752	1278	10	10	0	0	75s	100	1	2412
r	734	1278	10	10	0	0	75s	100	1	2412
r	718	1278	10	10	0	0	75s	100	1	2412
r	732	1296	10	10	0	0	75s	100	1	2413
r	750	1294	10	10	0	0	75s	100	1	2413
r	762	1294	10	10	0	0	75s	100	1	2413
r	762	1304	10	10	0	0	75s	100	1	2413
r	740	1330	10	10	0	0	75s	100	1	2414
r	750	1310	10	10	0	0	75s	100	1	2414
r	702	1292	10	10	0	0	75s	100	1	2414
r	1064	1306	10	10	0	0	60s	100	1	2411
r	1092	1306	10	10	0	0	60s	100	1	2411
r	1308	1302	10	10	0	0	60s	100	1	2411
r	1326	1304	10	10	0	0	60s	100	1	2411
r	1118	1308	10	10	0	0	60s	100	1	2412
r	1274	1304	10	10	0	0	60s	100	1	2412
r	1288	1304	10	10	0	0	60s	100	1	2412
r	1016	1214	10	10	0	0	60s	100	1	2412
r	1214	1216	10	10	0	0	60s	100	1	2411
r	1242	1216	10	10	0	0	60s	100	1	2411
r	1318	1212	10	10	0	0	60s	100	1	2411
r	1334	1206	10	10	0	0	60s	100	1	2411
r	1352	1204	10	10	0	0	60s	100	1	2411
r	1312	1224	10	10	0	0	60s	100	1	2412
r	1346	1226	10	10	0	0	60s	100	1	2412
r	1330	1236	10	10	0	0	60s	100	1	2412
r	1334	1190	10	10	0	0	60s	100	1	2413
r	1360	1226	10	10	0	0	60s	100	1	2413
r	1436	1284	10	10	0	0	60s	100	1	2411
r	1460	1284	10	10	0	0	60s	100	1	2411
r	1424	1326	10	10	0	0	60s	100	1	2412
r	1480	1326	10	10	0	0	60s	100	1	2412
r	1422	1302	10	10	0	0	60s	100	1	2413
r	1452	1322	10	10	0	0	60s	100	1	2413
r	1466	1300	10	10	0	0	60s	100	1	2414
r	1470	1314	10	10	0	0	60s	100	1	2414
r	1426	1076	10	10	0	0	60s	100	1	2411
r	1456	1032	10	10	0	0	60s	100	1	2411
r	1446	1074	10	10	0	0	60s	100	1	2412
r	1472	1070	10	10	0	0	60s	100	1	2412
r	1424	1060	10	10	0	0	60s	100	1	2413
r	1426	1028	10	10	0	0	60s	100	1	2413
r	1454	1052	10	10	0	0	60s	100	1	2414
r	1472	1036	10	10	0	0	60s	100	1	2414
r	1314	1072	10	10	0	0	60s	100	1	2411
r	1332	1070	10	10	0	0	60s	100	1	2411
r	1316	1056	10	10	0	0	60s	100	1	2412
r	1356	1056	10	10	0	0	60s	100	1	2412
r	1350	1072	10	10	0	0	60s	100	1	2413
r	1332	1050	10	10	0	0	60s	100	1	2413
r	1310	1030	10	10	0	0	60s	100	1	2413
r	1344	1032	10	10	0	0	60s	100	1	2414
r	1322	938	10	10	0	0	60s	100	1	2411
r	1334	906	10	10	0	0	60s	100	1	2411
r	1314	918	10	10	0	0	60s	100	1	2412
r	1336	920	10	10	0	0	60s	100	1	2412
r	1310	892	10	10	0	0	60s	100	1	2413
r	1356	910	10	10	0	0	60s	100	1	2413
r	1352	894	10	10	0	0	60s	100	1	2414
r	1352	932	10	10	0	0	60s	100	1	2414
r	1330	574	10	10	0	0	55s	100	1	2414
r	1328	522	10	10	0	0	55s	100	1	2414
r	1338	534	10	10	0	0	55s	100	1	2413
r	1334	552	10	10	0	0	55s	100	1	2413
r	1314	554	10	10	0	0	55s	100	1	2412
r	1316	530	10	10	0	0	55s	100	1	2412
r	1352	542	10	10	0	0	55s	100	1	2411
r	1350	558	10	10	0	0	55s	100	1	2411
r	1436	402	10	10	0	0	55s	100	1	2411
r	1450	396	10	10	0	0	55s	100	1	2411
r	1466	392	10	10	0	0	55s	100	1	2411
r	1426	430	10	10	0	0	55s	100	1	2412
r	1438	430	10	10	0	0	55s	100	1	2412
r	1462	430	10	10	0	0	55s	100	1	2412
r	1420	404	10	10	0	0	55s	100	1	2413
r	1434	386	10	10	0	0	55s	100	1	2413
r	1470	402	10	10	0	0	55s	100	1	2413
r	1452	410	10	10	0	0	55s	100	1	2414
r	1436	192	10	10	0	0	50s	100	1	2411
r	1472	192	10	10	0	0	50s	100	1	2411
r	1444	150	10	10	0	0	50s	100	1	2411
r	1464	152	10	10	0	0	50s	100	1	2411
r	1420	152	10	10	0	0	50s	100	1	2412
r	1432	160	10	10	0	0	50s	100	1	2412
r	1422	200	10	10	0	0	50s	100	1	2412
r	1452	200	10	10	0	0	50s	100	1	2412
r	1422	180	10	10	0	0	50s	100	1	2413
r	1420	168	10	10	0	0	50s	100	1	2413
r	1470	170	10	10	0	0	50s	100	1	2413
r	1438	176	10	10	0	0	50s	100	1	2413
r	1446	162	10	10	0	0	50s	100	1	2414
r	1450	178	10	10	0	0	50s	100	1	2414
r	1456	164	10	10	0	0	50s	100	1	2414
r	1464	204	10	10	0	0	50s	100	1	2414
r	1306	300	10	10	0	0	55s	100	1	2411
r	1316	300	10	10	0	0	55s	100	1	2411
r	1316	282	10	10	0	0	55s	100	1	2411
r	1316	270	10	10	0	0	55s	100	1	2411
r	1326	280	10	10	0	0	55s	100	1	2411
r	1352	294	10	10	0	0	55s	100	1	2412
r	1350	276	10	10	0	0	55s	100	1	2412
r	1336	258	10	10	0	0	55s	100	1	2412
r	1304	246	10	10	0	0	55s	100	1	2412
r	1316	246	10	10	0	0	55s	100	1	2412
r	1304	278	10	10	0	0	55s	100	1	2413
r	1302	266	10	10	0	0	55s	100	1	2413
r	1360	274	10	10	0	0	55s	100	1	2413
r	1362	286	10	10	0	0	55s	100	1	2413
r	1328	298	10	10	0	0	55s	100	1	2414
r	1338	282	10	10	0	0	55s	100	1	2414
r	1352	254	10	10	0	0	55s	100	1	2414
r	1338	246	10	10	0	0	55s	100	1	2414
r	1330	1120	10	10	0	0	60s	100	1	2411
r	1332	1140	10	10	0	0	60s	100	1	2411
r	1332	828	10	10	0	0	60s	100	1	2413
r	1332	728	10	10	0	0	60s	100	1	2413
r	1338	772	10	10	0	0	60s	100	1	2414
r	1446	1142	10	10	0	0	60s	100	1	2413
r	1448	1192	10	10	0	0	60s	100	1	2412
r	1442	1226	10	10	0	0	60s	100	1	2411
r	1446	910	10	10	0	0	60s	100	1	2411
r	1450	894	10	10	0	0	60s	100	1	2411
r	1448	492	10	10	0	0	60s	100	1	2412
r	1448	508	10	10	0	0	60s	100	1	2412
r	1446	252	10	10	0	0	50s	100	1	2413
r	1450	268	10	10	0	0	50s	100	1	2413
r	1450	298	10	10	0	0	50s	100	1	2414
r	1248	178	10	10	0	0	50s	100	1	2414
r	1374	178	10	10	0	0	50s	100	1	2414
r	1314	176	10	10	0	0	50s	100	1	2413
r	944	1118	10	10	0	0	55s	100	1	2411
r	962	1120	10	10	0	0	55s	100	1	2411
r	978	1120	10	10	0	0	55s	100	1	2411
r	956	1104	10	10	0	0	55s	100	1	2412
r	952	1138	10	10	0	0	55s	100	1	2412
r	1090	1134	10	10	0	0	60s	100	1	2412
r	1102	1104	10	10	0	0	60s	100	1	2412
r	1114	1094	10	10	0	0	60s	100	1	2412
r	1076	1104	10	10	0	0	60s	100	1	2411
r	1104	1118	10	10	0	0	60s	100	1	2411
r	1116	1132	10	10	0	0	60s	100	1	2411
r	734	1128	10	10	0	0	65s	100	1	2411
r	718	1108	10	10	0	0	65s	100	1	2412
r	762	1108	10	10	0	0	65s	100	1	2413
r	1152	1004	10	10	0	0	60s	100	1	2411
r	1164	1014	10	10	0	0	60s	100	1	2411
r	1166	1024	10	10	0	0	60s	100	1	2411
r	1146	1022	10	10	0	0	60s	100	1	2412
r	1172	1034	10	10	0	0	60s	100	1	2412
r	1180	996	10	10	0	0	60s	100	1	2412
r	1228	1128	10	10	0	0	60s	100	1	2411
r	1242	1120	10	10	0	0	60s	100	1	2411
r	1254	1090	10	10	0	0	60s	100	1	2411
r	1222	1090	10	10	0	0	60s	100	1	2411
r	1236	1100	10	10	0	0	60s	100	1	2412
r	1238	1142	10	10	0	0	60s	100	1	2412
r	1256	1124	10	10	0	0	60s	100	1	2412
r	1220	896	10	10	0	0	60s	100	1	2411
r	1244	894	10	10	0	0	60s	100	1	2411
r	1232	938	10	10	0	0	60s	100	1	2411
r	1258	938	10	10	0	0	60s	100	1	2411
r	1212	912	10	10	0	0	60s	100	1	2412
r	1230	912	10	10	0	0	60s	100	1	2412
r	1242	914	10	10	0	0	60s	100	1	2412
r	1252	912	10	10	0	0	60s	100	1	2412
r	1142	742	10	10	0	0	60s	100	1	2411
r	1152	742	10	10	0	0	60s	100	1	2411
r	1168	742	10	10	0	0	60s	100	1	2411
r	1172	752	10	10	0	0	60s	100	1	2411
r	1136	762	10	10	0	0	60s	100	1	2412
r	1150	762	10	10	0	0	60s	100	1	2412
r	1162	762	10	10	0	0	60s	100	1	2412
r	1180	726	10	10	0	0	60s	100	1	2412
r	1220	736	10	10	0	0	60s	100	1	2411
r	1238	734	10	10	0	0	60s	100	1	2411
r	1248	740	10	10	0	0	60s	100	1	2411
r	1214	766	10	10	0	0	60s	100	1	2411
r	1224	752	10	10	0	0	60s	100	1	2412
r	1234	768	10	10	0	0	60s	100	1	2412
r	1250	768	10	10	0	0	60s	100	1	2412
r	1256	724	10	10	0	0	60s	100	1	2412
r	1238	752	10	10	0	0	60s	100	1	2413
r	1218	552	10	10	0	0	55s	100	1	2411
r	1238	538	10	10	0	0	55s	100	1	2411
r	1254	546	10	10	0	0	55s	100	1	2411
r	1212	574	10	10	0	0	55s	100	1	2412
r	1236	562	10	10	0	0	55s	100	1	2412
r	1206	526	10	10	0	0	55s	100	1	2412
r	1224	526	10	10	0	0	55s	100	1	2413
r	1256	526	10	10	0	0	55s	100	1	2413
r	1234	572	10	10	0	0	55s	100	1	2414
r	1254	560	10	10	0	0	55s	100	1	2414
r	1134	454	10	10	0	0	60s	100	1	2411
r	1154	450	10	10	0	0	60s	100	1	2411
r	1168	448	10	10	0	0	60s	100	1	2411
r	1134	482	10	10	0	0	60s	100	1	2412
r	1152	482	10	10	0	0	60s	100	1	2412
r	1170	482	10	10	0	0	60s	100	1	2412
r	1148	466	10	10	0	0	60s	100	1	2413
r	1134	434	10	10	0	0	60s	100	1	2413
r	1170	460	10	10	0	0	60s	100	1	2414
r	1180	448	10	10	0	0	60s	100	1	2414
r	1218	372	10	10	0	0	55s	100	1	2411
r	1234	374	10	10	0	0	55s	100	1	2411
r	1246	344	10	10	0	0	55s	100	1	2411
r	1206	354	10	10	0	0	55s	100	1	2412
r	1226	348	10	10	0	0	55s	100	1	2412
r	1248	360	10	10	0	0	55s	100	1	2412
r	1214	382	10	10	0	0	55s	100	1	2413
r	1250	382	10	10	0	0	55s	100	1	2413
r	1232	358	10	10	0	0	55s	100	1	2414
r	1234	334	10	10	0	0	55s	100	1	2414
r	1038	466	10	10	0	0	55s	100	1	2411
r	1050	460	10	10	0	0	55s	100	1	2411
r	1060	448	10	10	0	0	55s	100	1	2411
r	1072	436	10	10	0	0	55s	100	1	2411
r	1030	448	10	10	0	0	55s	100	1	2412
r	1044	440	10	10	0	0	55s	100	1	2412
r	1056	486	10	10	0	0	55s	100	1	2412
r	1068	484	10	10	0	0	55s	100	1	2412
r	1030	480	10	10	0	0	55s	100	1	2413
r	1082	484	10	10	0	0	55s	100	1	2413
r	1064	462	10	10	0	0	55s	100	1	2414
r	1078	452	10	10	0	0	55s	100	1	2414
r	1040	380	10	10	0	0	55s	100	1	2411
r	1062	372	10	10	0	0	55s	100	1	2411
r	1052	386	10	10	0	0	55s	100	1	2411
r	1066	382	10	10	0	0	55s	100	1	2411
r	1032	334	10	10	0	0	55s	100	1	2412
r	1034	348	10	10	0	0	55s	100	1	2412
r	1046	340	10	10	0	0	55s	100	1	2412
r	1070	336	10	10	0	0	55s	100	1	2412
r	1026	362	10	10	0	0	55s	100	1	2413
r	1048	356	10	10	0	0	55s	100	1	2413
r	1062	350	10	10	0	0	55s	100	1	2413
r	1082	374	10	10	0	0	55s	100	1	2414
r	1076	350	10	10	0	0	55s	100	1	2414
r	1024	1114	10	10	0	0	65s	100	1	2411
r	1044	1114	10	10	0	0	65s	100	1	2411
r	1158	1114	10	10	0	0	65s	100	1	2412
r	1180	1112	10	10	0	0	65s	100	1	2412
r	900	1116	10	10	0	0	65s	100	1	2412
r	878	1116	10	10	0	0	65s	100	1	2411
r	1236	1024	10	10	0	0	65s	100	1	2411
r	1238	1044	10	10	0	0	65s	100	1	2411
r	1232	846	10	10	0	0	60s	100	1	2412
r	1238	818	10	10	0	0	60s	100	1	2413
r	1234	658	10	10	0	0	60s	100	1	2413
r	1234	638	10	10	0	0	60s	100	1	2413
r	1162	936	10	10	0	0	60s	100	1	2411
r	1158	862	10	10	0	0	60s	100	1	2411
r	1154	884	10	10	0	0	60s	100	1	2412
r	1154	902	10	10	0	0	60s	100	1	2412
r	1154	672	10	10	0	0	60s	100	1	2412
r	1156	652	10	10	0	0	60s	100	1	2412
r	1156	568	10	10	0	0	60s	100	1	2413
r	1156	580	10	10	0	0	60s	100	1	2414
r	1234	444	10	10	0	0	60s	100	1	2412
r	1238	462	10	10	0	0	60s	100	1	2413
r	1124	356	10	10	0	0	60s	100	1	2413
r	1156	358	10	10	0	0	60s	100	1	2413
r	1166	358	10	10	0	0	60s	100	1	2414
r	912	484	10	10	0	0	55s	100	1	2411
r	902	456	10	10	0	0	55s	100	1	2412
r	940	478	10	10	0	0	55s	100	1	2413
r	942	438	10	10	0	0	55s	100	1	2414
r	900	350	10	10	0	0	55s	100	1	2411
r	914	348	10	10	0	0	55s	100	1	2411
r	926	344	10	10	0	0	55s	100	1	2411
r	936	336	10	10	0	0	55s	100	1	2411
r	894	366	10	10	0	0	55s	100	1	2412
r	904	382	10	10	0	0	55s	100	1	2412
r	888	382	10	10	0	0	55s	100	1	2412
r	908	368	10	10	0	0	55s	100	1	2412
r	920	364	10	10	0	0	55s	100	1	2413
r	920	376	10	10	0	0	55s	100	1	2413
r	942	378	10	10	0	0	55s	100	1	2413
r	946	358	10	10	0	0	55s	100	1	2413
r	894	334	10	10	0	0	55s	100	1	2414
r	908	332	10	10	0	0	55s	100	1	2414
r	890	282	10	10	0	0	50s	100	1	2411
r	906	282	10	10	0	0	50s	100	1	2411
r	916	284	10	10	0	0	50s	100	1	2411
r	926	284	10	10	0	0	50s	100	1	2411
r	898	266	10	10	0	0	50s	100	1	2412
r	938	262	10	10	0	0	50s	100	1	2412
r	890	242	10	10	0	0	50s	100	1	2412
r	902	242	10	10	0	0	50s	100	1	2412
r	908	260	10	10	0	0	50s	100	1	2413
r	940	282	10	10	0	0	50s	100	1	2413
r	942	244	10	10	0	0	50s	100	1	2413
r	926	236	10	10	0	0	50s	100	1	2413
r	920	264	10	10	0	0	50s	100	1	2414
r	916	246	10	10	0	0	50s	100	1	2414
r	1176	286	10	10	0	0	50s	100	1	2411
r	1184	274	10	10	0	0	50s	100	1	2411
r	1194	264	10	10	0	0	50s	100	1	2411
r	1192	286	10	10	0	0	50s	100	1	2411
r	1200	274	10	10	0	0	50s	100	1	2411
r	1204	252	10	10	0	0	50s	100	1	2412
r	1212	262	10	10	0	0	50s	100	1	2412
r	1214	244	10	10	0	0	50s	100	1	2412
r	1188	232	10	10	0	0	50s	100	1	2412
r	1202	236	10	10	0	0	50s	100	1	2412
r	1172	256	10	10	0	0	50s	100	1	2413
r	1182	248	10	10	0	0	50s	100	1	2413
r	1220	284	10	10	0	0	50s	100	1	2413
r	1232	284	10	10	0	0	50s	100	1	2413
r	1204	284	10	10	0	0	50s	100	1	2414
r	1228	264	10	10	0	0	50s	100	1	2414
r	1228	250	10	10	0	0	50s	100	1	2414
r	1224	236	10	10	0	0	50s	100	1	2414
r	1106	198	10	10	0	0	50s	100	1	2411
r	1124	186	10	10	0	0	50s	100	1	2411
r	1126	164	10	10	0	0	50s	100	1	2411
r	1104	174	10	10	0	0	50s	100	1	2412
r	1136	172	10	10	0	0	50s	100	1	2412
r	1098	152	10	10	0	0	50s	100	1	2412
r	1088	198	10	10	0	0	50s	100	1	2413
r	1120	198	10	10	0	0	50s	100	1	2413
r	1140	194	10	10	0	0	50s	100	1	2413
r	1090	176	10	10	0	0	50s	100	1	2414
r	1110	156	10	10	0	0	50s	100	1	2414
r	1142	152	10	10	0	0	50s	100	1	2414
r	1004	266	10	10	0	0	50s	100	1	2413
r	1026	264	10	10	0	0	50s	100	1	2413
r	992	360	10	10	0	0	55s	100	1	2414
r	404	432	10	10	0	0	70s	100	1	2411
r	412	418	10	10	0	0	70s	100	1	2411
r	438	422	10	10	0	0	70s	100	1	2411
r	430	452	10	10	0	0	70s	100	1	2411
r	404	444	10	10	0	0	70s	100	1	2412
r	446	438	10	10	0	0	70s	100	1	2412
r	402	652	10	10	0	0	70s	100	1	2412
r	422	634	10	10	0	0	70s	100	1	2412
r	442	616	10	10	0	0	70s	100	1	2412
r	418	612	10	10	0	0	70s	100	1	2411
r	418	654	10	10	0	0	70s	100	1	2411
r	440	648	10	10	0	0	70s	100	1	2411
r	310	644	10	10	0	0	70s	100	1	2411
r	330	662	10	10	0	0	70s	100	1	2411
r	332	632	10	10	0	0	70s	100	1	2412
r	296	654	10	10	0	0	70s	100	1	2412
r	342	640	10	10	0	0	70s	100	1	2412
r	418	556	10	10	0	0	70s	100	1	2412
r	424	516	10	10	0	0	70s	100	1	2411
r	320	760	10	10	0	0	70s	100	1	2411
r	320	782	10	10	0	0	70s	100	1	2411
r	326	806	10	10	0	0	70s	100	1	2411
r	318	960	10	10	0	0	70s	100	1	2412
r	320	978	10	10	0	0	70s	100	1	2412
r	322	998	10	10	0	0	70s	100	1	2412
r	304	1092	10	10	0	0	65s	100	1	2411
r	328	1078	10	10	0	0	65s	100	1	2411
r	348	1102	10	10	0	0	65s	100	1	2411
r	322	1112	10	10	0	0	65s	100	1	2411
r	324	1090	10	10	0	0	65s	100	1	2412
r	306	1068	10	10	0	0	65s	100	1	2412
r	348	1076	10	10	0	0	65s	100	1	2412
r	336	1114	10	10	0	0	65s	100	1	2412
r	448	1112	10	10	0	0	65s	100	1	2411
r	480	1112	10	10	0	0	65s	100	1	2411
r	452	1070	10	10	0	0	65s	100	1	2411
r	472	1070	10	10	0	0	65s	100	1	2411
r	438	1084	10	10	0	0	65s	100	1	2412
r	460	1084	10	10	0	0	65s	100	1	2412
r	484	1084	10	10	0	0	65s	100	1	2412
r	462	1098	10	10	0	0	65s	100	1	2412
r	460	1114	10	10	0	0	65s	100	1	2412
r	580	1028	10	10	0	0	65s	100	1	2411
r	594	1026	10	10	0	0	65s	100	1	2411
r	578	986	10	10	0	0	65s	100	1	2411
r	590	986	10	10	0	0	65s	100	1	2411
r	586	1000	10	10	0	0	65s	100	1	2411
r	574	1014	10	10	0	0	65s	100	1	2412
r	616	986	10	10	0	0	65s	100	1	2412
r	618	998	10	10	0	0	65s	100	1	2412
r	624	1014	10	10	0	0	65s	100	1	2412
r	604	1030	10	10	0	0	65s	100	1	2412
r	600	992	10	10	0	0	65s	100	1	2411
r	624	1030	10	10	0	0	65s	100	1	2411
r	598	1012	10	10	0	0	65s	100	1	2413
r	608	1010	10	10	0	0	65s	100	1	2413
r	628	986	10	10	0	0	65s	100	1	2413
r	380	986	10	10	0	0	65s	100	1	2411
r	406	986	10	10	0	0	65s	100	1	2411
r	392	1024	10	10	0	0	60s	100	1	2411
r	402	1026	10	10	0	0	60s	100	1	2411
r	414	1032	10	10	0	0	60s	100	1	2412
r	420	1016	10	10	0	0	60s	100	1	2412
r	374	1016	10	10	0	0	60s	100	1	2412
r	370	996	10	10	0	0	60s	100	1	2412
r	416	980	10	10	0	0	60s	100	1	2412
r	424	992	10	10	0	0	60s	100	1	2412
r	382	1002	10	10	0	0	60s	100	1	2413
r	396	1004	10	10	0	0	60s	100	1	2413
r	410	998	10	10	0	0	60s	100	1	2413
r	406	1012	10	10	0	0	60s	100	1	2413
r	428	1004	10	10	0	0	60s	100	1	2413
r	368	734	10	10	0	0	60s	100	1	2411
r	370	746	10	10	0	0	60s	100	1	2411
r	372	756	10	10	0	0	60s	100	1	2411
r	406	730	10	10	0	0	60s	100	1	2411
r	406	742	10	10	0	0	60s	100	1	2411
r	404	756	10	10	0	0	60s	100	1	2411
r	382	726	10	10	0	0	60s	100	1	2412
r	384	736	10	10	0	0	60s	100	1	2412
r	386	750	10	10	0	0	60s	100	1	2412
r	392	762	10	10	0	0	60s	100	1	2412
r	414	718	10	10	0	0	60s	100	1	2412
r	420	746	10	10	0	0	60s	100	1	2413
r	420	758	10	10	0	0	60s	100	1	2413
r	398	772	10	10	0	0	60s	100	1	2413
r	398	714	10	10	0	0	60s	100	1	2413
r	382	712	10	10	0	0	60s	100	1	2413
r	426	716	10	10	0	0	60s	100	1	2413
r	394	732	10	10	0	0	60s	100	1	2414
r	428	734	10	10	0	0	60s	100	1	2414
r	474	1004	10	10	0	0	65s	100	1	2412
r	528	1004	10	10	0	0	65s	100	1	2412
r	502	1008	10	10	0	0	65s	100	1	2413
r	402	926	10	10	0	0	65s	100	1	2413
r	394	822	10	10	0	0	65s	100	1	2411
r	518	1092	10	10	0	0	65s	100	1	2412
r	538	1092	10	10	0	0	65s	100	1	2412
r	448	1202	10	10	0	0	65s	100	1	2411
r	470	1202	10	10	0	0	65s	100	1	2411
r	452	1228	10	10	0	0	65s	100	1	2411
r	466	1230	10	10	0	0	65s	100	1	2411
r	446	1214	10	10	0	0	65s	100	1	2412
r	460	1214	10	10	0	0	65s	100	1	2412
r	476	1214	10	10	0	0	65s	100	1	2412
r	470	1242	10	10	0	0	65s	100	1	2412
r	482	1228	10	10	0	0	65s	100	1	2413
r	460	1188	10	10	0	0	65s	100	1	2413
r	234	1226	10	10	0	0	60s	100	1	2411
r	244	1210	10	10	0	0	60s	100	1	2411
r	250	1224	10	10	0	0	60s	100	1	2411
r	256	1208	10	10	0	0	60s	100	1	2411
r	236	1242	10	10	0	0	60s	100	1	2412
r	248	1236	10	10	0	0	60s	100	1	2412
r	268	1196	10	10	0	0	60s	100	1	2412
r	226	1188	10	10	0	0	60s	100	1	2412
r	248	1192	10	10	0	0	60s	100	1	2413
r	268	1222	10	10	0	0	60s	100	1	2413
r	238	1072	10	10	0	0	55s	100	1	2411
r	250	1070	10	10	0	0	55s	100	1	2411
r	242	1034	10	10	0	0	55s	100	1	2411
r	258	1034	10	10	0	0	55s	100	1	2411
r	222	1080	10	10	0	0	55s	100	1	2412
r	268	1076	10	10	0	0	60s	100	1	2412
r	270	1038	10	10	0	0	60s	100	1	2412
r	224	1048	10	10	0	0	60s	100	1	2412
r	224	1034	10	10	0	0	60s	100	1	2413
r	238	1046	10	10	0	0	60s	100	1	2413
r	248	1050	10	10	0	0	60s	100	1	2413
r	266	1054	10	10	0	0	60s	100	1	2413
r	148	1038	10	10	0	0	55s	100	1	2411
r	126	1070	10	10	0	0	55s	100	1	2411
r	176	1074	10	10	0	0	55s	100	1	2411
r	152	1080	10	10	0	0	55s	100	1	2412
r	126	1034	10	10	0	0	55s	100	1	2412
r	170	1034	10	10	0	0	55s	100	1	2412
r	134	1054	10	10	0	0	55s	100	1	2413
r	150	1054	10	10	0	0	55s	100	1	2413
r	172	1052	10	10	0	0	55s	100	1	2413
r	134	748	10	10	0	0	50s	100	1	2413
r	154	734	10	10	0	0	50s	100	1	2413
r	168	708	10	10	0	0	50s	100	1	2413
r	132	708	10	10	0	0	50s	100	1	2412
r	176	720	10	10	0	0	50s	100	1	2412
r	178	742	10	10	0	0	50s	100	1	2412
r	156	756	10	10	0	0	50s	100	1	2411
r	128	722	10	10	0	0	50s	100	1	2411
r	148	710	10	10	0	0	50s	100	1	2411
r	230	708	10	10	0	0	50s	100	1	2411
r	270	754	10	10	0	0	50s	100	1	2411
r	224	758	10	10	0	0	50s	100	1	2411
r	272	704	10	10	0	0	50s	100	1	2411
r	220	722	10	10	0	0	50s	100	1	2412
r	222	732	10	10	0	0	50s	100	1	2412
r	272	716	10	10	0	0	50s	100	1	2412
r	272	728	10	10	0	0	50s	100	1	2412
r	248	704	10	10	0	0	50s	100	1	2413
r	246	714	10	10	0	0	50s	100	1	2413
r	244	730	10	10	0	0	50s	100	1	2413
r	248	748	10	10	0	0	50s	100	1	2413
r	384	1218	10	10	0	0	65s	100	1	2411
r	398	1218	10	10	0	0	65s	100	1	2411
r	326	1216	10	10	0	0	60s	100	1	2412
r	344	1214	10	10	0	0	60s	100	1	2412
r	252	970	10	10	0	0	60s	100	1	2413
r	250	948	10	10	0	0	60s	100	1	2413
r	250	920	10	10	0	0	60s	100	1	2413
r	248	838	10	10	0	0	60s	100	1	2412
r	250	808	10	10	0	0	55s	100	1	2411
r	148	910	10	10	0	0	55s	100	1	2411
r	150	878	10	10	0	0	55s	100	1	2411
r	154	846	10	10	0	0	55s	100	1	2412
r	150	940	10	10	0	0	50s	100	1	2412
r	150	968	10	10	0	0	50s	100	1	2413
r	148	1136	10	10	0	0	55s	100	1	2413
r	156	1214	10	10	0	0	55s	100	1	2413
r	152	1172	10	10	0	0	55s	100	1	2412
r	150	570	10	10	0	0	50s	100	1	2414
r	148	400	10	10	0	0	50s	100	1	2414
r	230	254	10	10	0	0	45s	100	1	2411
r	224	302	10	10	0	0	45s	100	1	2411
r	276	302	10	10	0	0	45s	100	1	2411
r	276	252	10	10	0	0	45s	100	1	2411
r	222	272	10	10	0	0	45s	100	1	2412
r	252	254	10	10	0	0	45s	100	1	2412
r	272	264	10	10	0	0	45s	100	1	2412
r	254	302	10	10	0	0	45s	100	1	2412
r	226	286	10	10	0	0	45s	100	1	2413
r	238	266	10	10	0	0	45s	100	1	2413
r	254	266	10	10	0	0	45s	100	1	2413
r	272	276	10	10	0	0	45s	100	1	2413
r	242	284	10	10	0	0	45s	100	1	2414
r	254	280	10	10	0	0	45s	100	1	2414
r	234	298	10	10	0	0	45s	100	1	2414
r	264	290	10	10	0	0	45s	100	1	2414
r	316	274	10	10	0	0	45s	100	1	2411
r	328	262	10	10	0	0	45s	100	1	2411
r	340	264	10	10	0	0	45s	100	1	2412
r	332	250	10	10	0	0	45s	100	1	2413
r	350	252	10	10	0	0	45s	100	1	2414
r	226	416	10	10	0	0	45s	100	1	2414
r	242	416	10	10	0	0	45s	100	1	2414
r	254	416	10	10	0	0	45s	100	1	2414
r	264	412	10	10	0	0	45s	100	1	2414
r	276	412	10	10	0	0	45s	100	1	2414
r	224	430	10	10	0	0	45s	100	1	2413
r	238	428	10	10	0	0	45s	100	1	2413
r	250	428	10	10	0	0	45s	100	1	2413
r	264	428	10	10	0	0	45s	100	1	2413
r	276	428	10	10	0	0	45s	100	1	2413
r	272	442	10	10	0	0	45s	100	1	2411
r	226	444	10	10	0	0	45s	100	1	2411
r	238	444	10	10	0	0	45s	100	1	2411
r	250	444	10	10	0	0	45s	100	1	2411
r	260	444	10	10	0	0	45s	100	1	2411
r	252	350	10	10	0	0	45s	100	1	2413
r	252	362	10	10	0	0	45s	100	1	2413
r	132	1298	10	10	0	0	60s	100	1	2411
r	142	1284	10	10	0	0	60s	100	1	2411
r	170	1316	10	10	0	0	60s	100	1	2411
r	144	1322	10	10	0	0	60s	100	1	2412
r	160	1292	10	10	0	0	60s	100	1	2412
r	168	1280	10	10	0	0	60s	100	1	2412
r	128	1308	10	10	0	0	60s	100	1	2413
r	156	1326	10	10	0	0	60s	100	1	2413
r	592	1282	10	10	0	0	60s	100	1	2411
r	606	1304	10	10	0	0	60s	100	1	2411
r	620	1316	10	10	0	0	60s	100	1	2411
r	584	1314	10	10	0	0	60s	100	1	2412
r	612	1282	10	10	0	0	60s	100	1	2412
r	628	1274	10	10	0	0	60s	100	1	2412
r	586	1300	10	10	0	0	60s	100	1	2413
r	600	1316	10	10	0	0	60s	100	1	2413
r	576	1216	10	10	0	0	60s	100	1	2411
r	594	1208	10	10	0	0	60s	100	1	2411
r	612	1200	10	10	0	0	60s	100	1	2411
r	596	1240	10	10	0	0	60s	100	1	2412
r	610	1236	10	10	0	0	60s	100	1	2412
r	626	1234	10	10	0	0	60s	100	1	2412
r	586	1226	10	10	0	0	60s	100	1	2413
r	628	1210	10	10	0	0	60s	100	1	2413
r	232	552	10	10	0	0	55s	100	1	2411
r	244	566	10	10	0	0	55s	100	1	2411
r	262	582	10	10	0	0	55s	100	1	2411
r	270	592	10	10	0	0	55s	100	1	2411
r	226	574	10	10	0	0	55s	100	1	2412
r	252	592	10	10	0	0	55s	100	1	2412
r	248	540	10	10	0	0	55s	100	1	2412
r	268	564	10	10	0	0	55s	100	1	2412
r	232	588	10	10	0	0	55s	100	1	2413
r	270	544	10	10	0	0	55s	100	1	2413
r	278	564	10	10	0	0	55s	100	1	2413
r	254	556	10	10	0	0	55s	100	1	2414
r	276	578	10	10	0	0	55s	100	1	2414
r	326	548	10	10	0	0	55s	100	1	2411
r	340	548	10	10	0	0	55s	100	1	2411
r	358	574	10	10	0	0	55s	100	1	2411
r	330	558	10	10	0	0	55s	100	1	2412
r	354	558	10	10	0	0	55s	100	1	2412
r	372	548	10	10	0	0	55s	100	1	2413
r	374	566	10	10	0	0	55s	100	1	2413
r	376	590	10	10	0	0	55s	100	1	2414
r	352	540	10	10	0	0	55s	100	1	2414
r	330	374	10	10	0	0	50s	100	1	2411
r	360	378	10	10	0	0	50s	100	1	2411
r	324	356	10	10	0	0	50s	100	1	2412
r	340	356	10	10	0	0	50s	100	1	2412
r	342	378	10	10	0	0	50s	100	1	2412
r	370	378	10	10	0	0	50s	100	1	2412
r	372	360	10	10	0	0	50s	100	1	2413
r	352	358	10	10	0	0	50s	100	1	2414
r	348	434	10	10	0	0	55s	100	1	2413
r	348	460	10	10	0	0	55s	100	1	2412
r	352	486	10	10	0	0	55s	100	1	2411
r	464	334	10	10	0	0	50s	100	1	2411
r	474	332	10	10	0	0	50s	100	1	2411
r	466	346	10	10	0	0	50s	100	1	2411
r	480	348	10	10	0	0	50s	100	1	2411
r	464	356	10	10	0	0	50s	100	1	2411
r	464	372	10	10	0	0	50s	100	1	2412
r	476	368	10	10	0	0	50s	100	1	2412
r	486	378	10	10	0	0	50s	100	1	2412
r	498	370	10	10	0	0	50s	100	1	2412
r	510	372	10	10	0	0	50s	100	1	2412
r	510	348	10	10	0	0	50s	100	1	2413
r	510	326	10	10	0	0	50s	100	1	2413
r	488	322	10	10	0	0	50s	100	1	2413
r	492	356	10	10	0	0	50s	100	1	2414
r	504	358	10	10	0	0	50s	100	1	2414
r	466	240	10	10	0	0	50s	100	1	2411
r	478	240	10	10	0	0	50s	100	1	2411
r	490	240	10	10	0	0	50s	100	1	2411
r	500	240	10	10	0	0	50s	100	1	2411
r	512	240	10	10	0	0	50s	100	1	2411
r	472	272	10	10	0	0	50s	100	1	2412
r	484	272	10	10	0	0	50s	100	1	2412
r	496	272	10	10	0	0	50s	100	1	2412
r	506	272	10	10	0	0	50s	100	1	2412
r	468	254	10	10	0	0	50s	100	1	2413
r	506	254	10	10	0	0	50s	100	1	2413
r	460	282	10	10	0	0	50s	100	1	2414
r	474	288	10	10	0	0	50s	100	1	2414
r	500	288	10	10	0	0	50s	100	1	2414
r	512	284	10	10	0	0	50s	100	1	2412
r	662	238	10	10	0	0	50s	100	1	2411
r	672	248	10	10	0	0	50s	100	1	2411
r	682	256	10	10	0	0	50s	100	1	2411
r	686	266	10	10	0	0	50s	100	1	2411
r	694	276	10	10	0	0	50s	100	1	2411
r	696	248	10	10	0	0	50s	100	1	2412
r	684	236	10	10	0	0	50s	100	1	2412
r	706	260	10	10	0	0	50s	100	1	2412
r	706	274	10	10	0	0	50s	100	1	2412
r	712	286	10	10	0	0	50s	100	1	2412
r	666	266	10	10	0	0	50s	100	1	2413
r	672	278	10	10	0	0	50s	100	1	2413
r	682	282	10	10	0	0	50s	100	1	2413
r	708	240	10	10	0	0	50s	100	1	2414
r	664	290	10	10	0	0	50s	100	1	2414
r	648	176	10	10	0	0	50s	100	1	2411
r	722	172	10	10	0	0	50s	100	1	2411
r	666	176	10	10	0	0	50s	100	1	2411
r	680	176	10	10	0	0	50s	100	1	2411
r	694	172	10	10	0	0	50s	100	1	2411
r	664	198	10	10	0	0	50s	100	1	2412
r	712	200	10	10	0	0	50s	100	1	2412
r	658	150	10	10	0	0	50s	100	1	2412
r	680	150	10	10	0	0	50s	100	1	2412
r	670	160	10	10	0	0	50s	100	1	2412
r	694	154	10	10	0	0	50s	100	1	2413
r	706	154	10	10	0	0	50s	100	1	2413
r	682	204	10	10	0	0	50s	100	1	2413
r	680	190	10	10	0	0	50s	100	1	2414
r	708	180	10	10	0	0	50s	100	1	2414
r	132	270	10	10	0	0	50s	100	1	2413
r	136	299	10	10	0	0	50s	100	1	2411
r	158	296	10	10	0	0	50s	100	1	2411
r	1093	245	10	10	0	0	50s	100	1	2414
r	1093	270	10	10	0	0	50s	100	1	2414
r	126	254	10	10	0	0	50s	100	1	2409
r	167	252	10	10	0	0	50s	100	1	2409
r	1125	233	10	10	0	0	50s	100	1	2409
r	1126	277	10	10	0	0	50s	100	1	2409
r	592	331	10	10	0	0	70s	100	1	2412
r	623	363	10	10	0	0	70s	100	1	2412
r	609	327	10	10	0	0	70s	100	1	2411
r	627	336	10	10	0	0	70s	100	1	2411
r	588	359	10	10	0	0	70s	100	1	2411
r	602	366	10	10	0	0	70s	100	1	2413
r	608	346	10	10	0	0	70s	100	1	2413
r	231	388	10	10	0	0	45s	100	1	2412
r	250	388	10	10	0	0	45s	100	1	2412
r	266	399	10	10	0	0	45s	100	1	2412
r	234	403	10	10	0	0	45s	100	1	2412
r	586	440	10	10	0	0	70s	100	1	2412
r	587	459	10	10	0	0	70s	100	1	2411
r	605	450	10	10	0	0	70s	100	1	2409
r	783	435	10	10	0	0	70s	100	1	2408
r	829	434	10	10	0	0	70s	100	1	2408
r	805	435	10	10	0	0	70s	100	1	2409
r	886	439	10	10	0	0	70s	100	1	2408
r	921	467	10	10	0	0	70s	100	1	2408
r	1318	382	10	10	0	0	55s	100	1	2413
r	1359	397	10	10	0	0	55s	100	1	2413
r	1319	433	10	10	0	0	55s	100	1	2414
r	1342	380	10	10	0	0	55s	100	1	2414
r	1342	438	10	10	0	0	55s	100	1	2411
r	1358	416	10	10	0	0	55s	100	1	2411
r	1334	408	10	10	0	0	55s	100	1	2411
r	1215	537	10	10	0	0	55s	100	1	2411
r	1305	541	10	10	0	0	55s	100	1	2413
r	312	659	10	10	0	0	70s	100	1	2411
r	405	638	10	10	0	0	70s	100	1	2411
r	392	629	10	10	0	0	70s	100	1	2411
r	1071	887	10	10	0	0	65s	100	1	2408
r	1085	903	10	10	0	0	65s	100	1	2408
r	1051	915	10	10	0	0	65s	100	1	2409
r	1069	922	10	10	0	0	65s	100	1	2409
r	1055	935	10	10	0	0	65s	100	1	2408
r	1078	939	10	10	0	0	65s	100	1	2408
r	714	1134	10	10	0	0	65s	100	1	2411
r	748	1092	10	10	0	0	65s	100	1	2412
r	934	1092	10	10	0	0	65s	100	1	2412
r	925	1111	10	10	0	0	65s	100	1	2411
r	975	1099	10	10	0	0	65s	100	1	2412
r	1070	1126	10	10	0	0	60s	100	1	2412
r	1091	1090	10	10	0	0	60s	100	1	2411
r	1324	1022	10	10	0	0	60s	100	1	2413
r	1364	1042	10	10	0	0	60s	100	1	2411
r	223	1208	10	10	0	0	60s	100	1	2412
r	577	1240	10	10	0	0	60s	100	1	2412
r	599	1225	10	10	0	0	60s	100	1	2411
r	790	1215	10	10	0	0	65s	100	1	2411
r	919	1277	10	10	0	0	65s	100	1	2411
r	942	1280	10	10	0	0	65s	100	1	2411
r	904	1295	10	10	0	0	65s	100	1	2412
r	918	1312	10	10	0	0	65s	100	1	2412
r	942	1309	10	10	0	0	65s	100	1	2409
r	952	1292	10	10	0	0	65s	100	1	2409
r	1419	1279	10	10	0	0	60s	100	1	2411
r	837	1104	10	10	0	0	65s	100	1	2411
r	838	1124	10	10	0	0	65s	100	1	2411
r	805	1134	10	10	0	0	65s	100	1	2411
r	824	1137	10	10	0	0	65s	100	1	2411
r	819	1113	10	10	0	0	65s	100	1	2412
r	809	1105	10	10	0	0	65s	100	1	2412
r	570	1083	10	10	0	0	65s	100	1	2412
r	574	1102	10	10	0	0	65s	100	1	2412
r	585	1117	10	10	0	0	65s	100	1	2412
r	585	1067	10	10	0	0	65s	100	1	2411
r	599	1088	10	10	0	0	65s	100	1	2411
r	611	1105	10	10	0	0	65s	100	1	2411
r	396	350	10	10	0	0	60s	100	1	2413
r	297	565	10	10	0	0	60s	100	1	2413
r	310	565	10	10	0	0	60s	100	1	2413
r	344	521	10	10	0	0	60s	100	1	2412
r	357	526	10	10	0	0	60s	100	1	2412
r	316	681	10	10	0	0	60s	100	1	2411
r	368	645	10	10	0	0	60s	100	1	2411
r	346	667	10	10	0	0	60s	100	1	2412
r	332	291	15	15	0	0	55s	100	1	2414
r	359	258	15	15	0	0	55s	100	1	2414
r	297	258	15	15	0	0	55s	100	1	2414
r	237	270	15	15	0	0	55s	100	1	2414
r	178	270	15	15	0	0	55s	100	1	2414
r	145	285	15	15	0	0	55s	100	1	2414
r	145	341	15	15	0	0	55s	100	1	2414
r	142	424	15	15	0	0	55s	100	1	2414
r	139	477	15	15	0	0	55s	100	1	2414
r	139	560	15	15	0	0	55s	100	1	2414
r	148	649	15	15	0	0	55s	100	1	2414
r	142	709	15	15	0	0	55s	100	1	2414
r	160	732	15	15	0	0	55s	100	1	2414
r	240	721	15	15	0	0	55s	100	1	2414
r	255	640	15	15	0	0	55s	100	1	2414
r	258	578	15	15	0	0	55s	100	1	2414
r	255	543	15	15	0	0	55s	100	1	2414
r	311	563	15	15	0	0	55s	100	1	2414
r	356	546	15	15	0	0	55s	100	1	2414
r	347	492	15	15	0	0	55s	100	1	2414
r	353	394	15	15	0	0	55s	100	1	2414
r	353	350	15	15	0	0	55s	100	1	2414
r	388	341	15	15	0	0	55s	100	1	2414
r	486	338	15	15	0	0	55s	100	1	2414
r	498	302	15	15	0	0	55s	100	1	2414
r	480	261	15	15	0	0	55s	100	1	2414
r	590	231	15	15	0	0	55s	100	1	2414
r	682	246	15	15	0	0	55s	100	1	2414
r	700	211	15	15	0	0	55s	100	1	2414
r	682	154	15	15	0	0	55s	100	1	2414
r	643	157	15	15	0	0	55s	100	1	2414
r	620	169	15	15	0	0	55s	100	1	2414
r	664	172	15	15	0	0	55s	100	1	2414
r	744	172	15	15	0	0	55s	100	1	2414
r	804	166	15	15	0	0	55s	100	1	2414
r	851	166	15	15	0	0	55s	100	1	2414
r	913	163	15	15	0	0	55s	100	1	2414
r	973	160	15	15	0	0	55s	100	1	2414
r	1026	160	15	15	0	0	55s	100	1	2414
r	1088	160	15	15	0	0	55s	100	1	2414
r	1130	160	15	15	0	0	55s	100	1	2414
r	1127	211	15	15	0	0	55s	100	1	2414
r	1103	270	15	15	0	0	55s	100	1	2414
r	1130	270	15	15	0	0	55s	100	1	2414
r	1127	231	15	15	0	0	55s	100	1	2414
r	1097	240	15	15	0	0	55s	100	1	2414
r	1112	270	15	15	0	0	55s	100	1	2414
r	1139	252	15	15	0	0	55s	100	1	2414
r	1112	240	15	15	0	0	55s	100	1	2414
r	1091	267	15	15	0	0	55s	100	1	2414
r	1130	261	15	15	0	0	55s	100	1	2414
r	1121	249	15	15	0	0	55s	100	1	2414
r	1121	279	15	15	0	0	55s	100	1	2414
r	1311	415	15	15	0	0	55s	100	1	2414
r	1311	388	15	15	0	0	55s	100	1	2414
r	1355	400	15	15	0	0	55s	100	1	2414
r	1343	436	15	15	0	0	55s	100	1	2414
r	1299	421	15	15	0	0	55s	100	1	2414
r	1314	374	15	15	0	0	55s	100	1	2414
r	1334	403	15	15	0	0	55s	100	1	2414
r	1325	424	15	15	0	0	55s	100	1	2414
r	1317	412	15	15	0	0	55s	100	1	2414
r	1352	424	15	15	0	0	55s	100	1	2414
r	1352	424	15	15	0	0	55s	100	1	2414
r	1317	388	15	15	0	0	55s	100	1	2414
r	1328	391	15	15	0	0	55s	100	1	2414
r	1450	466	15	15	0	0	55s	100	1	2414
r	1444	385	15	15	0	0	55s	100	1	2414
r	1447	383	15	15	0	0	55s	100	1	2414
r	1420	406	15	15	0	0	55s	100	1	2414
r	1438	433	15	15	0	0	55s	100	1	2414
r	1465	421	15	15	0	0	55s	100	1	2414
r	1462	385	15	15	0	0	55s	100	1	2414
r	1411	388	15	15	0	0	55s	100	1	2414
r	1334	534	15	15	0	0	55s	100	1	2414
r	1328	540	15	15	0	0	55s	100	1	2414
r	1317	555	15	15	0	0	55s	100	1	2414
r	1314	572	15	15	0	0	55s	100	1	2414
r	1352	581	15	15	0	0	55s	100	1	2414
r	1364	569	15	15	0	0	55s	100	1	2414
r	1364	534	15	15	0	0	55s	100	1	2414
r	1358	516	15	15	0	0	55s	100	1	2414
r	1317	519	15	15	0	0	55s	100	1	2414
r	1296	525	15	15	0	0	55s	100	1	2414
r	1302	555	15	15	0	0	55s	100	1	2414
r	1334	560	15	15	0	0	55s	100	1	2414
r	1340	560	15	15	0	0	55s	100	1	2414
r	1254	552	15	15	0	0	55s	100	1	2414
r	1257	516	15	15	0	0	55s	100	1	2414
r	1237	507	15	15	0	0	55s	100	1	2414
r	1198	516	15	15	0	0	55s	100	1	2414
r	1198	555	15	15	0	0	55s	100	1	2414
r	1239	569	15	15	0	0	55s	100	1	2414
r	1251	540	15	15	0	0	55s	100	1	2414
r	1228	525	15	15	0	0	55s	100	1	2414
r	1159	469	15	15	0	0	55s	100	1	2414
r	1159	436	15	15	0	0	55s	100	1	2414
r	1115	433	15	15	0	0	55s	100	1	2414
r	1112	460	15	15	0	0	55s	100	1	2414
r	1097	466	15	15	0	0	55s	100	1	2414
r	1032	457	15	15	0	0	55s	100	1	2414
r	1065	430	15	15	0	0	55s	100	1	2414
r	1082	471	15	15	0	0	55s	100	1	2414
r	1056	486	15	15	0	0	55s	100	1	2414
r	1023	451	15	15	0	0	55s	100	1	2414
r	1032	424	15	15	0	0	55s	100	1	2414
r	1038	442	15	15	0	0	55s	100	1	2414
r	913	463	15	15	0	0	55s	100	1	2414
r	916	439	15	15	0	0	55s	100	1	2414
r	884	442	15	15	0	0	55s	100	1	2414
r	907	469	15	15	0	0	55s	100	1	2414
r	934	448	15	15	0	0	55s	100	1	2414
r	904	424	15	15	0	0	55s	100	1	2414
r	884	469	15	15	0	0	55s	100	1	2414
r	934	466	15	15	0	0	55s	100	1	2414
r	913	433	15	15	0	0	55s	100	1	2414
r	890	445	15	15	0	0	55s	100	1	2414
r	890	457	15	15	0	0	55s	100	1	2414
r	795	466	15	15	0	0	55s	100	1	2414
r	789	433	15	15	0	0	55s	100	1	2414
r	804	412	15	15	0	0	55s	100	1	2414
r	821	442	15	15	0	0	55s	100	1	2414
r	792	463	15	15	0	0	55s	100	1	2414
r	789	436	15	15	0	0	55s	100	1	2414
r	810	436	15	15	0	0	55s	100	1	2414
r	824	454	15	15	0	0	55s	100	1	2414
r	836	412	15	15	0	0	55s	100	1	2414
r	804	412	15	15	0	0	55s	100	1	2414
r	786	448	15	15	0	0	55s	100	1	2414
r	780	466	15	15	0	0	55s	100	1	2414
r	724	466	15	15	0	0	55s	100	1	2414
r	652	454	15	15	0	0	55s	100	1	2414
r	617	445	15	15	0	0	55s	100	1	2414
r	587	445	15	15	0	0	55s	100	1	2414
r	578	445	15	15	0	0	55s	100	1	2414
r	1145	1017	15	15	0	0	55s	100	1	2414
r	1142	981	15	15	0	0	55s	100	1	2414
r	1171	981	15	15	0	0	55s	100	1	2414
r	1171	1023	15	15	0	0	55s	100	1	2414
r	1136	1044	15	15	0	0	55s	100	1	2414
r	1127	999	15	15	0	0	55s	100	1	2414
r	1151	990	15	15	0	0	55s	100	1	2414
r	1257	1127	15	15	0	0	55s	100	1	2414
r	1228	1106	15	15	0	0	55s	100	1	2414
r	1201	1106	15	15	0	0	55s	100	1	2414
r	1234	1118	15	15	0	0	55s	100	1	2414
r	1248	1097	15	15	0	0	55s	100	1	2414
r	1234	1127	15	15	0	0	55s	100	1	2414
r	934	1325	15	15	0	0	55s	100	1	2414
r	913	1334	15	15	0	0	55s	100	1	2414
r	904	1296	15	15	0	0	55s	100	1	2414
r	925	1254	15	15	0	0	55s	100	1	2414
r	961	1302	15	15	0	0	55s	100	1	2414
r	943	1334	15	15	0	0	55s	100	1	2414
r	916	1314	15	15	0	0	55s	100	1	2414
r	919	1284	15	15	0	0	55s	100	1	2414
r	940	1293	15	15	0	0	55s	100	1	2414
r	952	1343	15	15	0	0	55s	100	1	2414
r	955	1299	15	15	0	0	55s	100	1	2414
r	934	1228	15	15	0	0	55s	100	1	2414
r	934	1186	15	15	0	0	55s	100	1	2414
r	913	1186	15	15	0	0	55s	100	1	2414
r	904	1204	15	15	0	0	55s	100	1	2414
r	949	1222	15	15	0	0	55s	100	1	2414
r	958	1222	15	15	0	0	55s	100	1	2414
r	958	1213	15	15	0	0	55s	100	1	2414
r	347	299	15	15	0	0	55s	100	1	2414
r	356	270	15	15	0	0	55s	100	1	2414
r	356	246	15	15	0	0	55s	100	1	2414
r	305	288	15	15	0	0	55s	100	1	2414
r	350	297	15	15	0	0	55s	100	1	2414
r	371	264	15	15	0	0	55s	100	1	2414
r	323	252	15	15	0	0	55s	100	1	2414
r	261	282	15	15	0	0	55s	100	1	2414
r	193	294	15	15	0	0	55s	100	1	2414
r	148	288	15	15	0	0	55s	100	1	2414
r	136	270	15	15	0	0	55s	100	1	2414
r	148	249	15	15	0	0	55s	100	1	2414
r	166	285	15	15	0	0	55s	100	1	2414
r	142	302	15	15	0	0	55s	100	1	2414
r	142	276	15	15	0	0	55s	100	1	2414
r	172	282	15	15	0	0	55s	100	1	2414
r	145	302	15	15	0	0	55s	100	1	2414
r	139	285	15	15	0	0	55s	100	1	2414
r	148	267	15	15	0	0	55s	100	1	2414
r	175	279	15	15	0	0	55s	100	1	2414
r	249	288	15	15	0	0	55s	100	1	2414
r	285	302	15	15	0	0	55s	100	1	2414
r	285	305	15	15	0	0	55s	100	1	2414
r	335	302	15	15	0	0	55s	100	1	2414
r	350	350	15	15	0	0	55s	100	1	2414
r	350	341	15	15	0	0	55s	100	1	2414
r	356	323	15	15	0	0	55s	100	1	2414
r	335	326	15	15	0	0	55s	100	1	2414
r	326	326	15	15	0	0	55s	100	1	2414
r	329	326	15	15	0	0	55s	100	1	2414
r	347	270	15	15	0	0	55s	100	1	2413
r	359	249	15	15	0	0	55s	100	1	2413
r	308	267	15	15	0	0	55s	100	1	2413
r	299	285	15	15	0	0	55s	100	1	2413
r	249	276	15	15	0	0	55s	100	1	2413
r	237	302	15	15	0	0	55s	100	1	2413
r	240	329	15	15	0	0	55s	100	1	2413
r	249	332	15	15	0	0	55s	100	1	2413
r	249	353	15	15	0	0	55s	100	1	2413
r	246	394	15	15	0	0	55s	100	1	2413
r	240	415	15	15	0	0	55s	100	1	2413
r	237	421	15	15	0	0	55s	100	1	2413
r	139	724	15	15	0	0	55s	100	1	2413
r	169	712	15	15	0	0	55s	100	1	2413
r	151	747	15	15	0	0	55s	100	1	2413
r	128	741	15	15	0	0	55s	100	1	2413
r	169	712	15	15	0	0	55s	100	1	2413
r	219	718	15	15	0	0	55s	100	1	2413
r	243	709	15	15	0	0	55s	100	1	2413
r	249	691	15	15	0	0	55s	100	1	2413
r	308	655	15	15	0	0	55s	100	1	2413
r	332	629	15	15	0	0	55s	100	1	2413
r	314	626	15	15	0	0	55s	100	1	2413
r	302	649	15	15	0	0	55s	100	1	2413
r	329	632	15	15	0	0	55s	100	1	2413
r	326	611	15	15	0	0	55s	100	1	2413
r	308	626	15	15	0	0	55s	100	1	2413
r	471	904	15	15	0	0	55s	100	1	2413
r	471	910	15	15	0	0	55s	100	1	2413
r	471	913	15	15	0	0	55s	100	1	2413
r	480	937	15	15	0	0	55s	100	1	2413
r	507	931	15	15	0	0	55s	100	1	2413
r	507	898	15	15	0	0	55s	100	1	2413
r	486	919	15	15	0	0	55s	100	1	2413
r	572	925	15	15	0	0	55s	100	1	2413
r	608	925	15	15	0	0	55s	100	1	2413
r	646	928	15	15	0	0	55s	100	1	2413
r	697	934	15	15	0	0	55s	100	1	2413
r	744	946	15	15	0	0	55s	100	1	2413
r	780	993	15	15	0	0	55s	100	1	2413
r	824	1005	15	15	0	0	55s	100	1	2413
r	872	1023	15	15	0	0	55s	100	1	2413
r	893	1023	15	15	0	0	55s	100	1	2413
r	907	1023	15	15	0	0	55s	100	1	2413
r	1222	747	15	15	0	0	55s	100	1	2413
r	1228	721	15	15	0	0	55s	100	1	2413
r	1171	724	15	15	0	0	55s	100	1	2413
r	1136	735	15	15	0	0	55s	100	1	2413
r	1156	759	15	15	0	0	55s	100	1	2413
r	1186	729	15	15	0	0	55s	100	1	2413
r	1156	703	15	15	0	0	55s	100	1	2413
r	1139	724	15	15	0	0	55s	100	1	2413
r	1127	721	15	15	0	0	55s	100	1	2413
r	1156	715	15	15	0	0	55s	100	1	2413
r	1159	726	15	15	0	0	55s	100	1	2413
r	1145	768	15	15	0	0	55s	100	1	2413
r	1127	777	15	15	0	0	55s	100	1	2413
r	1174	774	15	15	0	0	55s	100	1	2413
r	1189	765	15	15	0	0	55s	100	1	2413
r	1165	756	15	15	0	0	55s	100	1	2413
r	1124	845	15	15	0	0	55s	100	1	2413
r	1139	848	15	15	0	0	55s	100	1	2413
r	1153	848	15	15	0	0	55s	100	1	2413
r	1165	812	15	15	0	0	55s	100	1	2413
r	1162	789	15	15	0	0	55s	100	1	2413
r	1162	786	15	15	0	0	55s	100	1	2413
r	1073	818	15	15	0	0	55s	100	1	2413
r	1082	792	15	15	0	0	55s	100	1	2413
r	1082	756	15	15	0	0	55s	100	1	2413
r	1079	706	15	15	0	0	55s	100	1	2413
r	1073	646	15	15	0	0	55s	100	1	2413
r	1050	611	15	15	0	0	55s	100	1	2413
r	1079	602	15	15	0	0	55s	100	1	2413
r	1088	643	15	15	0	0	55s	100	1	2413
r	1038	646	15	15	0	0	55s	100	1	2413
r	1032	626	15	15	0	0	55s	100	1	2413
r	981	635	15	15	0	0	55s	100	1	2413
r	961	649	15	15	0	0	55s	100	1	2413
r	999	664	15	15	0	0	55s	100	1	2413
r	996	623	15	15	0	0	55s	100	1	2413
r	958	623	15	15	0	0	55s	100	1	2413
r	979	649	15	15	0	0	55s	100	1	2413
r	990	632	15	15	0	0	55s	100	1	2413
r	984	629	15	15	0	0	55s	100	1	2413
r	919	457	15	15	0	0	55s	100	1	2413
r	922	486	15	15	0	0	55s	100	1	2413
r	893	480	15	15	0	0	55s	100	1	2413
r	893	451	15	15	0	0	55s	100	1	2413
r	904	294	15	15	0	0	55s	100	1	2413
r	898	249	15	15	0	0	55s	100	1	2413
r	922	246	15	15	0	0	55s	100	1	2413
r	928	270	15	15	0	0	55s	100	1	2413
r	890	288	15	15	0	0	55s	100	1	2413
r	881	273	15	15	0	0	55s	100	1	2413
r	596	175	15	15	0	0	55s	100	1	2413
r	557	175	15	15	0	0	55s	100	1	2413
r	516	184	15	15	0	0	55s	100	1	2413
r	483	184	15	15	0	0	55s	100	1	2413
r	445	187	15	15	0	0	55s	100	1	2413
r	406	187	15	15	0	0	55s	100	1	2413
r	353	187	15	15	0	0	55s	100	1	2413
r	350	187	15	15	0	0	55s	100	1	2413
r	383	187	15	15	0	0	55s	100	1	2413
r	409	187	15	15	0	0	55s	100	1	2413
r	436	187	15	15	0	0	55s	100	1	2413
r	466	181	15	15	0	0	55s	100	1	2413
r	489	175	15	15	0	0	55s	100	1	2413
r	525	169	15	15	0	0	55s	100	1	2413
r	546	169	15	15	0	0	55s	100	1	2413
r	519	169	15	15	0	0	55s	100	1	2413
r	451	169	15	15	0	0	55s	100	1	2413
r	415	175	15	15	0	0	55s	100	1	2413
r	383	175	15	15	0	0	55s	100	1	2413
r	362	175	15	15	0	0	55s	100	1	2413
r	406	199	15	15	0	0	55s	100	1	2413
r	483	249	15	15	0	0	55s	100	1	2413
r	513	267	15	15	0	0	55s	100	1	2413
r	578	276	15	15	0	0	55s	100	1	2413
r	611	276	15	15	0	0	55s	100	1	2413
r	661	264	15	15	0	0	55s	100	1	2413
r	712	261	15	15	0	0	55s	100	1	2413
r	756	261	15	15	0	0	55s	100	1	2413
r	780	270	15	15	0	0	55s	100	1	2413
r	801	270	15	15	0	0	55s	100	1	2413
r	842	270	15	15	0	0	55s	100	1	2413
r	863	270	15	15	0	0	55s	100	1	2413
r	869	270	15	15	0	0	55s	100	1	2413
r	676	353	15	15	0	0	55s	100	1	2413
r	646	353	15	15	0	0	55s	100	1	2413
r	626	350	15	15	0	0	55s	100	1	2413
r	617	371	15	15	0	0	55s	100	1	2413
r	620	406	15	15	0	0	55s	100	1	2413
r	557	427	15	15	0	0	55s	100	1	2413
r	522	427	15	15	0	0	55s	100	1	2413
r	486	436	15	15	0	0	55s	100	1	2413
r	457	439	15	15	0	0	55s	100	1	2413
r	483	442	15	15	0	0	55s	100	1	2413
r	537	442	15	15	0	0	55s	100	1	2413
r	581	430	15	15	0	0	55s	100	1	2413
r	617	415	15	15	0	0	55s	100	1	2413
r	640	403	15	15	0	0	55s	100	1	2413
r	652	430	15	15	0	0	55s	100	1	2413
r	700	436	15	15	0	0	55s	100	1	2413
r	738	436	15	15	0	0	55s	100	1	2413
r	804	433	15	15	0	0	55s	100	1	2413
r	815	433	15	15	0	0	55s	100	1	2413
r	489	946	15	15	0	0	55s	100	1	2413
r	483	928	15	15	0	0	55s	100	1	2413
r	513	916	15	15	0	0	55s	100	1	2413
r	1062	925	15	15	0	0	55s	100	1	2413
r	1088	910	15	15	0	0	55s	100	1	2413
r	1094	940	15	15	0	0	55s	100	1	2413
r	1073	952	15	15	0	0	55s	100	1	2413
r	1085	913	15	15	0	0	55s	100	1	2413
r	1094	952	15	15	0	0	55s	100	1	2413
r	1085	958	15	15	0	0	55s	100	1	2413
r	1100	928	15	15	0	0	55s	100	1	2413
r	1097	907	15	15	0	0	55s	100	1	2413
r	1073	925	15	15	0	0	55s	100	1	2413
r	1079	946	15	15	0	0	55s	100	1	2413
r	1257	928	15	15	0	0	55s	100	1	2413
r	1228	922	15	15	0	0	55s	100	1	2413
r	1225	881	15	15	0	0	55s	100	1	2413
r	1248	901	15	15	0	0	55s	100	1	2413
r	1239	928	15	15	0	0	55s	100	1	2413
r	1195	937	15	15	0	0	55s	100	1	2413
r	1195	907	15	15	0	0	55s	100	1	2413
r	1219	881	15	15	0	0	55s	100	1	2413
r	1290	910	15	15	0	0	55s	100	1	2413
r	1334	916	15	15	0	0	55s	100	1	2413
r	1340	884	15	15	0	0	55s	100	1	2413
r	1314	881	15	15	0	0	55s	100	1	2413
r	1328	916	15	15	0	0	55s	100	1	2413
r	1349	916	15	15	0	0	55s	100	1	2413
r	1346	896	15	15	0	0	55s	100	1	2413
r	1328	1035	15	15	0	0	55s	100	1	2413
r	1325	1008	15	15	0	0	55s	100	1	2413
r	1325	990	15	15	0	0	55s	100	1	2413
r	1325	967	15	15	0	0	55s	100	1	2413
r	1323	1005	15	15	0	0	55s	100	1	2413
r	1370	1047	15	15	0	0	55s	100	1	2413
r	1406	1035	15	15	0	0	55s	100	1	2413
r	1429	1023	15	15	0	0	55s	100	1	2413
r	1444	1017	15	15	0	0	55s	100	1	2413
r	1459	1050	15	15	0	0	55s	100	1	2413
r	1429	1076	15	15	0	0	55s	100	1	2413
r	1403	1056	15	15	0	0	55s	100	1	2413
r	1441	1180	15	15	0	0	55s	100	1	2413
r	1471	1272	15	15	0	0	55s	100	1	2413
r	1438	1299	15	15	0	0	55s	100	1	2413
r	1426	1302	15	15	0	0	55s	100	1	2413
r	1447	1311	15	15	0	0	55s	100	1	2413
r	1447	1290	15	15	0	0	55s	100	1	2413
r	1337	1281	15	15	0	0	55s	100	1	2413
r	1239	1296	15	15	0	0	55s	100	1	2413
r	1210	1299	15	15	0	0	55s	100	1	2413
r	1186	1299	15	15	0	0	55s	100	1	2413
r	1148	1302	15	15	0	0	55s	100	1	2413
r	1121	1299	15	15	0	0	55s	100	1	2413
r	1088	1302	15	15	0	0	55s	100	1	2413
r	1029	1308	15	15	0	0	55s	100	1	2413
r	990	1302	15	15	0	0	55s	100	1	2413
r	955	1305	15	15	0	0	55s	100	1	2413
r	937	1311	15	15	0	0	55s	100	1	2413
r	949	1281	15	15	0	0	55s	100	1	2413
r	949	1269	15	15	0	0	55s	100	1	2413
r	919	1293	15	15	0	0	55s	100	1	2413
r	907	1323	15	15	0	0	55s	100	1	2413
r	904	1328	15	15	0	0	55s	100	1	2413
r	907	1302	15	15	0	0	55s	100	1	2413
r	872	1293	15	15	0	0	55s	100	1	2413
r	836	1296	15	15	0	0	55s	100	1	2413
r	804	1302	15	15	0	0	55s	100	1	2413
r	765	1302	15	15	0	0	55s	100	1	2413
r	756	1302	15	15	0	0	55s	100	1	2413
r	549	1302	15	15	0	0	55s	100	1	2413
r	522	1299	15	15	0	0	55s	100	1	2413
r	489	1299	15	15	0	0	55s	100	1	2413
r	460	1302	15	15	0	0	55s	100	1	2413
r	424	1305	15	15	0	0	55s	100	1	2413
r	383	1305	15	15	0	0	55s	100	1	2413
r	353	1308	15	15	0	0	55s	100	1	2413
r	297	1305	15	15	0	0	55s	100	1	2413
r	255	1305	15	15	0	0	55s	100	1	2413
r	202	1302	15	15	0	0	55s	100	1	2413
r	175	1302	15	15	0	0	55s	100	1	2413
r	157	1278	15	15	0	0	55s	100	1	2413
r	148	1228	15	15	0	0	55s	100	1	2413
r	136	1204	15	15	0	0	55s	100	1	2413
r	136	1156	15	15	0	0	55s	100	1	2413
r	139	1079	15	15	0	0	55s	100	1	2413
r	142	1038	15	15	0	0	55s	100	1	2413
r	157	1020	15	15	0	0	55s	100	1	2413
r	148	1050	15	15	0	0	55s	100	1	2413
r	122	1056	15	15	0	0	55s	100	1	2413
r	160	1029	15	15	0	0	55s	100	1	2413
r	139	1065	15	15	0	0	55s	100	1	2413
r	175	1038	15	15	0	0	55s	100	1	2413
r	216	1041	15	15	0	0	55s	100	1	2413
r	255	1044	15	15	0	0	55s	100	1	2413
r	264	1065	15	15	0	0	55s	100	1	2413
r	305	1085	15	15	0	0	55s	100	1	2413
r	335	1097	15	15	0	0	55s	100	1	2413
r	341	1076	15	15	0	0	55s	100	1	2413
r	311	1073	15	15	0	0	55s	100	1	2413
r	350	1076	15	15	0	0	55s	100	1	2413
r	605	1088	15	15	0	0	55s	100	1	2413
r	611	1059	15	15	0	0	55s	100	1	2413
r	605	1047	15	15	0	0	55s	100	1	2413
r	575	1079	15	15	0	0	55s	100	1	2413
r	617	1085	15	15	0	0	55s	100	1	2413
r	611	1044	15	15	0	0	55s	100	1	2413
r	587	1035	15	15	0	0	55s	100	1	2413
r	587	1088	15	15	0	0	55s	100	1	2413
r	605	1070	15	15	0	0	55s	100	1	2413
r	611	1053	15	15	0	0	55s	100	1	2413
r	623	1082	15	15	0	0	55s	100	1	2413
r	608	1118	15	15	0	0	55s	100	1	2413
r	590	1124	15	15	0	0	55s	100	1	2413
r	590	1106	15	15	0	0	55s	100	1	2413
r	590	1106	15	15	0	0	55s	100	1	2413
r	605	261	15	15	0	0	55s	100	1	2413
r	572	261	15	15	0	0	55s	100	1	2413
r	640	264	15	15	0	0	55s	100	1	2413
r	655	261	15	15	0	0	55s	100	1	2413
r	611	261	15	15	0	0	55s	100	1	2413
r	549	261	15	15	0	0	55s	100	1	2413
r	534	261	15	15	0	0	55s	100	1	2413
r	593	261	15	15	0	0	55s	100	1	2413
r	629	255	15	15	0	0	55s	100	1	2413
r	655	252	15	15	0	0	55s	100	1	2413
r	679	252	15	15	0	0	55s	100	1	2413
r	801	166	15	15	0	0	55s	100	1	2413
r	845	178	15	15	0	0	55s	100	1	2413
r	881	178	15	15	0	0	55s	100	1	2413
r	931	172	15	15	0	0	55s	100	1	2413
r	1008	166	15	15	0	0	55s	100	1	2413
r	1085	172	15	15	0	0	55s	100	1	2413
r	1177	178	15	15	0	0	55s	100	1	2413
r	1228	187	15	15	0	0	55s	100	1	2413
r	1269	181	15	15	0	0	55s	100	1	2413
r	1290	175	15	15	0	0	55s	100	1	2413
r	1251	178	15	15	0	0	55s	100	1	2413
r	1195	187	15	15	0	0	55s	100	1	2413
r	1153	196	15	15	0	0	55s	100	1	2413
r	1065	329	15	15	0	0	55s	100	1	2413
r	1070	335	15	15	0	0	55s	100	1	2413
r	1041	368	15	15	0	0	55s	100	1	2413
r	1029	403	15	15	0	0	55s	100	1	2413
r	1076	397	15	15	0	0	55s	100	1	2413
r	1085	380	15	15	0	0	55s	100	1	2413
r	1056	380	15	15	0	0	55s	100	1	2413
r	1038	442	15	15	0	0	55s	100	1	2413
r	1073	433	15	15	0	0	55s	100	1	2413
r	1085	430	15	15	0	0	55s	100	1	2413
r	1056	436	15	15	0	0	55s	100	1	2413
r	1026	436	15	15	0	0	55s	100	1	2413
r	1023	451	15	15	0	0	55s	100	1	2413
r	1050	483	15	15	0	0	55s	100	1	2413
r	1156	474	15	15	0	0	55s	100	1	2413
r	1177	466	15	15	0	0	55s	100	1	2413
r	1183	448	15	15	0	0	55s	100	1	2413
r	1145	454	15	15	0	0	55s	100	1	2413
r	1136	498	15	15	0	0	55s	100	1	2413
r	1145	534	15	15	0	0	55s	100	1	2413
r	1153	563	15	15	0	0	55s	100	1	2413
r	1151	590	15	15	0	0	55s	100	1	2413
r	1156	593	15	15	0	0	55s	100	1	2413
