g	529	138	10	10	0	0	300s	100	1	6310
g	697	351	10	10	0	0	300s	100	1	6310
g	120	378	10	10	0	0	300s	100	1	6310
g	65	587	10	10	0	0	300s	100	1	6310
g	179	599	10	10	0	0	300s	100	1	6310
g	329	510	10	10	0	0	300s	100	1	6310
g	464	654	10	10	0	0	300s	100	1	6310
g	221	706	10	10	0	0	300s	100	1	6310
g	621	712	10	10	0	0	300s	100	1	6310
g	546	414	10	10	0	0	300s	100	1	6310
g	391	289	10	10	0	0	300s	100	1	6310
g	225	245	10	10	0	0	300s	100	1	6310
g	111	141	10	10	0	0	300s	100	1	6310
g	301	409	10	10	0	0	300s	100	1	6310
m	390	393	10	10	0	0	600s	100	1	6392
