g	153	80	10	10	0	0	60s	100	1	6301
g	193	85	10	10	0	0	60s	100	1	6301
g	233	82	10	10	0	0	60s	100	1	6301
g	259	86	10	10	0	0	60s	100	1	6301
g	301	85	10	10	0	0	60s	100	1	6301
g	332	83	10	10	0	0	60s	100	1	6301
g	377	83	10	10	0	0	60s	100	1	6301
g	437	83	10	10	0	0	60s	100	1	6301
g	500	85	10	10	0	0	60s	100	1	6301
g	574	83	10	10	0	0	60s	100	1	6301
g	639	83	10	10	0	0	60s	100	1	6301
g	686	83	10	10	0	0	60s	100	1	6301
g	698	145	10	10	0	0	60s	100	1	6301
g	700	218	10	10	0	0	60s	100	1	6301
g	704	292	10	10	0	0	60s	100	1	6301
g	706	362	10	10	0	0	60s	100	1	6301
g	701	467	10	10	0	0	60s	100	1	6301
g	703	528	10	10	0	0	60s	100	1	6301
g	703	587	10	10	0	0	60s	100	1	6301
g	703	632	10	10	0	0	60s	100	1	6301
g	703	685	10	10	0	0	60s	100	1	6301
g	695	704	10	10	0	0	60s	100	1	6301
g	648	706	10	10	0	0	60s	100	1	6301
g	535	706	10	10	0	0	60s	100	1	6301
g	492	706	10	10	0	0	60s	100	1	6301
g	434	704	10	10	0	0	60s	100	1	6301
g	388	704	10	10	0	0	60s	100	1	6301
g	283	712	10	10	0	0	60s	100	1	6301
g	227	709	10	10	0	0	60s	100	1	6301
g	154	707	10	10	0	0	60s	100	1	6301
g	85	707	10	10	0	0	60s	100	1	6301
g	67	704	10	10	0	0	60s	100	1	6301
g	68	664	10	10	0	0	60s	100	1	6301
g	67	617	10	10	0	0	60s	100	1	6301
g	65	586	10	10	0	0	60s	100	1	6301
g	65	560	10	10	0	0	60s	100	1	6301
g	68	520	10	10	0	0	60s	100	1	6301
g	68	474	10	10	0	0	60s	100	1	6301
g	68	411	10	10	0	0	60s	100	1	6301
g	68	357	10	10	0	0	60s	100	1	6301
g	68	307	10	10	0	0	60s	100	1	6301
g	65	252	10	10	0	0	60s	100	1	6301
g	65	221	10	10	0	0	60s	100	1	6301
g	65	169	10	10	0	0	60s	100	1	6301
g	68	147	10	10	0	0	60s	100	1	6301
g	86	144	10	10	0	0	60s	100	1	6301
g	120	148	10	10	0	0	60s	100	1	6301
g	157	147	10	10	0	0	60s	100	1	6301
g	211	82	10	10	0	0	60s	100	1	6302
g	273	85	10	10	0	0	60s	100	1	6302
g	325	83	10	10	0	0	60s	100	1	6302
g	414	80	10	10	0	0	60s	100	1	6302
g	470	80	10	10	0	0	60s	100	1	6302
g	557	82	10	10	0	0	60s	100	1	6302
g	686	80	10	10	0	0	60s	100	1	6302
g	695	104	10	10	0	0	60s	100	1	6302
g	700	144	10	10	0	0	60s	100	1	6302
g	697	200	10	10	0	0	60s	100	1	6302
g	703	259	10	10	0	0	60s	100	1	6302
g	703	297	10	10	0	0	60s	100	1	6302
g	703	341	10	10	0	0	60s	100	1	6302
g	703	377	10	10	0	0	60s	100	1	6302
g	700	411	10	10	0	0	60s	100	1	6302
g	701	431	10	10	0	0	60s	100	1	6302
g	704	503	10	10	0	0	60s	100	1	6302
g	700	546	10	10	0	0	60s	100	1	6302
g	700	581	10	10	0	0	60s	100	1	6302
g	701	633	10	10	0	0	60s	100	1	6302
g	704	673	10	10	0	0	60s	100	1	6302
g	701	701	10	10	0	0	60s	100	1	6302
g	666	707	10	10	0	0	60s	100	1	6302
g	611	709	10	10	0	0	60s	100	1	6302
g	556	709	10	10	0	0	60s	100	1	6302
g	504	707	10	10	0	0	60s	100	1	6302
g	466	707	10	10	0	0	60s	100	1	6302
g	412	706	10	10	0	0	60s	100	1	6302
g	249	707	10	10	0	0	60s	100	1	6302
g	184	707	10	10	0	0	60s	100	1	6302
g	123	709	10	10	0	0	60s	100	1	6302
g	71	706	10	10	0	0	60s	100	1	6302
g	64	673	10	10	0	0	60s	100	1	6302
g	68	621	10	10	0	0	60s	100	1	6302
g	64	578	10	10	0	0	60s	100	1	6302
g	62	517	10	10	0	0	60s	100	1	6302
g	62	476	10	10	0	0	60s	100	1	6302
g	64	426	10	10	0	0	60s	100	1	6302
g	67	378	10	10	0	0	60s	100	1	6302
g	67	322	10	10	0	0	60s	100	1	6302
g	67	286	10	10	0	0	60s	100	1	6302
g	64	218	10	10	0	0	60s	100	1	6302
g	62	188	10	10	0	0	60s	100	1	6302
g	64	141	10	10	0	0	60s	100	1	6302
g	126	141	10	10	0	0	60s	100	1	6302
g	163	138	10	10	0	0	60s	100	1	6302
g	332	108	10	10	0	0	60s	100	1	6303
g	553	125	10	10	0	0	60s	100	1	6303
g	552	144	10	10	0	0	60s	100	1	6303
g	476	144	10	10	0	0	60s	100	1	6303
g	512	144	10	10	0	0	60s	100	1	6303
g	388	136	10	10	0	0	60s	100	1	6303
g	340	142	10	10	0	0	60s	100	1	6303
g	288	141	10	10	0	0	60s	100	1	6303
g	243	141	10	10	0	0	60s	100	1	6303
g	643	190	10	10	0	0	60s	100	1	6303
g	645	225	10	10	0	0	60s	100	1	6303
g	672	221	10	10	0	0	60s	100	1	6303
g	639	276	10	10	0	0	60s	100	1	6303
g	645	313	10	10	0	0	60s	100	1	6303
g	643	348	10	10	0	0	60s	100	1	6303
g	649	388	10	10	0	0	60s	100	1	6303
g	646	424	10	10	0	0	60s	100	1	6303
g	643	451	10	10	0	0	60s	100	1	6303
g	643	488	10	10	0	0	60s	100	1	6303
g	646	522	10	10	0	0	60s	100	1	6303
g	643	568	10	10	0	0	60s	100	1	6303
g	682	580	10	10	0	0	60s	100	1	6303
g	669	580	10	10	0	0	60s	100	1	6303
g	648	600	10	10	0	0	60s	100	1	6303
g	642	632	10	10	0	0	60s	100	1	6303
g	642	654	10	10	0	0	60s	100	1	6303
g	605	649	10	10	0	0	60s	100	1	6303
g	553	648	10	10	0	0	60s	100	1	6303
g	482	649	10	10	0	0	60s	100	1	6303
g	405	657	10	10	0	0	60s	100	1	6303
g	397	657	10	10	0	0	60s	100	1	6303
g	354	646	10	10	0	0	60s	100	1	6303
g	279	642	10	10	0	0	60s	100	1	6303
g	265	645	10	10	0	0	60s	100	1	6303
g	225	651	10	10	0	0	60s	100	1	6303
g	157	651	10	10	0	0	60s	100	1	6303
g	119	651	10	10	0	0	60s	100	1	6303
g	122	608	10	10	0	0	60s	100	1	6303
g	117	562	10	10	0	0	60s	100	1	6303
g	117	519	10	10	0	0	60s	100	1	6303
g	120	479	10	10	0	0	60s	100	1	6303
g	123	428	10	10	0	0	60s	100	1	6303
g	123	390	10	10	0	0	60s	100	1	6303
g	122	350	10	10	0	0	60s	100	1	6303
g	122	302	10	10	0	0	60s	100	1	6303
g	122	268	10	10	0	0	60s	100	1	6303
g	153	258	10	10	0	0	60s	100	1	6303
g	176	259	10	10	0	0	60s	100	1	6303
g	182	249	10	10	0	0	60s	100	1	6303
g	182	227	10	10	0	0	60s	100	1	6303
g	185	202	10	10	0	0	60s	100	1	6303
g	224	193	10	10	0	0	60s	100	1	6303
g	252	193	10	10	0	0	60s	100	1	6303
g	254	162	10	10	0	0	60s	100	1	6303
g	90	387	10	10	0	0	60s	100	1	6303
g	104	381	10	10	0	0	60s	100	1	6303
g	93	586	10	10	0	0	60s	100	1	6303
g	105	581	10	10	0	0	60s	100	1	6303
g	291	675	10	10	0	0	60s	100	1	6303
g	289	689	10	10	0	0	60s	100	1	6303
g	461	694	10	10	0	0	60s	100	1	6303
g	466	676	10	10	0	0	60s	100	1	6303
g	423	652	10	10	0	0	60s	100	1	6303
g	543	624	10	10	0	0	60s	100	1	6303
g	537	651	10	10	0	0	60s	100	1	6303
g	599	510	10	10	0	0	60s	100	1	6303
g	620	503	10	10	0	0	60s	100	1	6303
g	611	328	10	10	0	0	60s	100	1	6303
g	457	142	10	10	0	0	60s	100	1	6303
g	412	141	10	10	0	0	60s	100	1	6303
g	316	139	10	10	0	0	60s	100	1	6304
g	359	139	10	10	0	0	60s	100	1	6304
g	406	142	10	10	0	0	60s	100	1	6304
g	457	141	10	10	0	0	60s	100	1	6304
g	491	136	10	10	0	0	60s	100	1	6304
g	525	139	10	10	0	0	60s	100	1	6304
g	640	190	10	10	0	0	60s	100	1	6304
g	645	215	10	10	0	0	60s	100	1	6304
g	642	252	10	10	0	0	60s	100	1	6304
g	642	288	10	10	0	0	60s	100	1	6304
g	643	322	10	10	0	0	60s	100	1	6304
g	642	354	10	10	0	0	60s	100	1	6304
g	642	396	10	10	0	0	60s	100	1	6304
g	642	431	10	10	0	0	60s	100	1	6304
g	643	476	10	10	0	0	60s	100	1	6304
g	648	506	10	10	0	0	60s	100	1	6304
g	648	547	10	10	0	0	60s	100	1	6304
g	643	581	10	10	0	0	60s	100	1	6304
g	642	602	10	10	0	0	60s	100	1	6304
g	643	639	10	10	0	0	60s	100	1	6304
g	629	649	10	10	0	0	60s	100	1	6304
g	590	649	10	10	0	0	60s	100	1	6304
g	555	652	10	10	0	0	60s	100	1	6304
g	497	657	10	10	0	0	60s	100	1	6304
g	443	657	10	10	0	0	60s	100	1	6304
g	388	651	10	10	0	0	60s	100	1	6304
g	323	651	10	10	0	0	60s	100	1	6304
g	276	654	10	10	0	0	60s	100	1	6304
g	249	658	10	10	0	0	60s	100	1	6304
g	188	649	10	10	0	0	60s	100	1	6304
g	150	649	10	10	0	0	60s	100	1	6304
g	130	651	10	10	0	0	60s	100	1	6304
g	125	626	10	10	0	0	60s	100	1	6304
g	123	577	10	10	0	0	60s	100	1	6304
g	123	529	10	10	0	0	60s	100	1	6304
g	123	504	10	10	0	0	60s	100	1	6304
g	120	460	10	10	0	0	60s	100	1	6304
g	120	460	10	10	0	0	60s	100	1	6304
g	120	424	10	10	0	0	60s	100	1	6304
g	122	381	10	10	0	0	60s	100	1	6304
g	125	338	10	10	0	0	60s	100	1	6304
g	125	314	10	10	0	0	60s	100	1	6304
g	125	264	10	10	0	0	60s	100	1	6304
g	160	259	10	10	0	0	60s	100	1	6304
g	175	270	10	10	0	0	60s	100	1	6304
g	182	233	10	10	0	0	60s	100	1	6304
g	188	203	10	10	0	0	60s	100	1	6304
g	231	194	10	10	0	0	60s	100	1	6304
g	243	178	10	10	0	0	60s	100	1	6304
g	243	175	10	10	0	0	60s	100	1	6304
g	248	157	10	10	0	0	60s	100	1	6304
g	455	165	10	10	0	0	60s	100	1	6304
g	458	188	10	10	0	0	60s	100	1	6304
g	492	191	10	10	0	0	60s	100	1	6304
g	547	193	10	10	0	0	60s	100	1	6304
g	584	194	10	10	0	0	60s	100	1	6304
g	587	258	10	10	0	0	60s	100	1	6304
g	592	344	10	10	0	0	60s	100	1	6304
g	584	428	10	10	0	0	60s	100	1	6304
g	587	517	10	10	0	0	60s	100	1	6304
g	587	577	10	10	0	0	60s	100	1	6304
g	580	608	10	10	0	0	60s	100	1	6304
g	534	606	10	10	0	0	60s	100	1	6304
g	471	605	10	10	0	0	60s	100	1	6304
g	412	614	10	10	0	0	60s	100	1	6304
g	308	612	10	10	0	0	60s	100	1	6304
g	181	605	10	10	0	0	60s	100	1	6304
g	240	606	10	10	0	0	60s	100	1	6304
g	178	547	10	10	0	0	60s	100	1	6304
g	176	513	10	10	0	0	60s	100	1	6304
g	175	461	10	10	0	0	60s	100	1	6304
g	175	390	10	10	0	0	60s	100	1	6304
g	181	331	10	10	0	0	60s	100	1	6304
g	206	319	10	10	0	0	60s	100	1	6304
g	224	314	10	10	0	0	60s	100	1	6304
g	224	264	10	10	0	0	60s	100	1	6304
g	243	239	10	10	0	0	60s	100	1	6304
g	299	237	10	10	0	0	60s	100	1	6304
g	342	200	10	10	0	0	60s	100	1	6305
g	299	194	10	10	0	0	60s	100	1	6305
g	292	215	10	10	0	0	60s	100	1	6305
g	289	236	10	10	0	0	60s	100	1	6305
g	261	240	10	10	0	0	60s	100	1	6305
g	222	240	10	10	0	0	60s	100	1	6305
g	225	291	10	10	0	0	60s	100	1	6305
g	216	320	10	10	0	0	60s	100	1	6305
g	176	320	10	10	0	0	60s	100	1	6305
g	178	363	10	10	0	0	60s	100	1	6305
g	175	415	10	10	0	0	60s	100	1	6305
g	175	458	10	10	0	0	60s	100	1	6305
g	175	491	10	10	0	0	60s	100	1	6305
g	182	529	10	10	0	0	60s	100	1	6305
g	179	575	10	10	0	0	60s	100	1	6305
g	199	609	10	10	0	0	60s	100	1	6305
g	242	606	10	10	0	0	60s	100	1	6305
g	282	605	10	10	0	0	60s	100	1	6305
g	304	605	10	10	0	0	60s	100	1	6305
g	242	624	10	10	0	0	60s	100	1	6305
g	431	606	10	10	0	0	60s	100	1	6305
g	467	609	10	10	0	0	60s	100	1	6305
g	506	609	10	10	0	0	60s	100	1	6305
g	550	608	10	10	0	0	60s	100	1	6305
g	592	597	10	10	0	0	60s	100	1	6305
g	590	559	10	10	0	0	60s	100	1	6305
g	590	526	10	10	0	0	60s	100	1	6305
g	586	483	10	10	0	0	60s	100	1	6305
g	589	443	10	10	0	0	60s	100	1	6305
g	589	399	10	10	0	0	60s	100	1	6305
g	592	350	10	10	0	0	60s	100	1	6305
g	592	314	10	10	0	0	60s	100	1	6305
g	589	282	10	10	0	0	60s	100	1	6305
g	589	237	10	10	0	0	60s	100	1	6305
g	589	191	10	10	0	0	60s	100	1	6305
g	553	187	10	10	0	0	60s	100	1	6305
g	528	191	10	10	0	0	60s	100	1	6305
g	510	191	10	10	0	0	60s	100	1	6305
g	319	202	10	10	0	0	60s	100	1	6306
g	362	87	10	10	0	0	60s	100	1	6306
g	635	82	10	10	0	0	60s	100	1	6306
g	603	82	10	10	0	0	60s	100	1	6306
g	667	86	10	10	0	0	60s	100	1	6306
g	701	178	10	10	0	0	60s	100	1	6306
g	703	319	10	10	0	0	60s	100	1	6306
g	700	563	10	10	0	0	60s	100	1	6306
g	700	624	10	10	0	0	60s	100	1	6306
g	706	663	10	10	0	0	60s	100	1	6306
g	581	706	10	10	0	0	60s	100	1	6306
g	216	706	10	10	0	0	60s	100	1	6306
g	62	642	10	10	0	0	60s	100	1	6306
g	61	534	10	10	0	0	60s	100	1	6306
g	68	452	10	10	0	0	60s	100	1	6306
g	65	498	10	10	0	0	60s	100	1	6306
g	65	335	10	10	0	0	60s	100	1	6306
g	67	239	10	10	0	0	60s	100	1	6306
g	126	175	10	10	0	0	60s	100	1	6306
g	273	135	10	10	0	0	60s	100	1	6306
g	273	135	10	10	0	0	60s	100	1	6306
g	328	139	10	10	0	0	60s	100	1	6307
g	396	136	10	10	0	0	60s	100	1	6307
g	474	133	10	10	0	0	60s	100	1	6307
g	547	129	10	10	0	0	60s	100	1	6307
g	433	139	10	10	0	0	60s	100	1	6307
g	497	196	10	10	0	0	60s	100	1	6307
g	503	224	10	10	0	0	60s	100	1	6307
g	501	240	10	10	0	0	60s	100	1	6307
g	528	246	10	10	0	0	60s	100	1	6307
g	566	193	10	10	0	0	60s	100	1	6307
g	589	230	10	10	0	0	60s	100	1	6307
g	589	285	10	10	0	0	60s	100	1	6307
g	587	348	10	10	0	0	60s	100	1	6307
g	586	393	10	10	0	0	60s	100	1	6307
g	586	440	10	10	0	0	60s	100	1	6307
g	586	466	10	10	0	0	60s	100	1	6307
g	643	473	10	10	0	0	60s	100	1	6307
g	643	535	10	10	0	0	60s	100	1	6307
g	645	578	10	10	0	0	60s	100	1	6307
g	646	632	10	10	0	0	60s	100	1	6307
g	612	651	10	10	0	0	60s	100	1	6307
g	538	652	10	10	0	0	60s	100	1	6307
g	480	657	10	10	0	0	60s	100	1	6307
g	347	648	10	10	0	0	60s	100	1	6307
g	264	648	10	10	0	0	60s	100	1	6307
g	200	652	10	10	0	0	60s	100	1	6307
g	159	652	10	10	0	0	60s	100	1	6307
g	136	652	10	10	0	0	60s	100	1	6307
g	119	623	10	10	0	0	60s	100	1	6307
g	119	602	10	10	0	0	60s	100	1	6307
g	117	575	10	10	0	0	60s	100	1	6307
g	116	538	10	10	0	0	60s	100	1	6307
g	120	489	10	10	0	0	60s	100	1	6307
g	120	469	10	10	0	0	60s	100	1	6307
g	122	436	10	10	0	0	60s	100	1	6307
g	120	394	10	10	0	0	60s	100	1	6307
g	119	326	10	10	0	0	60s	100	1	6307
g	119	291	10	10	0	0	60s	100	1	6307
g	141	264	10	10	0	0	60s	100	1	6307
g	162	267	10	10	0	0	60s	100	1	6307
g	176	213	10	10	0	0	60s	100	1	6307
g	208	199	10	10	0	0	60s	100	1	6307
g	329	239	10	10	0	0	60s	100	1	6308
g	354	239	10	10	0	0	60s	100	1	6308
g	381	234	10	10	0	0	60s	100	1	6308
g	397	248	10	10	0	0	60s	100	1	6308
g	399	267	10	10	0	0	60s	100	1	6308
g	400	285	10	10	0	0	60s	100	1	6308
g	417	288	10	10	0	0	60s	100	1	6308
g	448	291	10	10	0	0	60s	100	1	6308
g	464	292	10	10	0	0	60s	100	1	6308
g	488	295	10	10	0	0	60s	100	1	6308
g	494	313	10	10	0	0	60s	100	1	6308
g	498	328	10	10	0	0	60s	100	1	6308
g	498	342	10	10	0	0	60s	100	1	6308
g	498	374	10	10	0	0	60s	100	1	6308
g	498	397	10	10	0	0	60s	100	1	6308
g	501	411	10	10	0	0	60s	100	1	6308
g	501	436	10	10	0	0	60s	100	1	6308
g	503	470	10	10	0	0	60s	100	1	6308
g	497	504	10	10	0	0	60s	100	1	6308
g	488	514	10	10	0	0	60s	100	1	6308
g	473	519	10	10	0	0	60s	100	1	6308
g	550	415	10	10	0	0	60s	100	1	6308
g	569	415	10	10	0	0	60s	100	1	6308
g	541	354	10	10	0	0	60s	100	1	6308
g	541	311	10	10	0	0	60s	100	1	6308
g	546	279	10	10	0	0	60s	100	1	6308
g	546	258	10	10	0	0	60s	100	1	6308
g	541	377	10	10	0	0	60s	100	1	6308
g	541	396	10	10	0	0	60s	100	1	6308
g	547	436	10	10	0	0	60s	100	1	6308
g	546	474	10	10	0	0	60s	100	1	6308
g	546	480	10	10	0	0	60s	100	1	6308
g	544	498	10	10	0	0	60s	100	1	6308
g	544	509	10	10	0	0	60s	100	1	6308
g	546	532	10	10	0	0	60s	100	1	6308
g	546	559	10	10	0	0	60s	100	1	6308
g	528	563	10	10	0	0	60s	100	1	6308
g	501	563	10	10	0	0	60s	100	1	6308
g	482	563	10	10	0	0	60s	100	1	6308
g	443	563	10	10	0	0	60s	100	1	6308
g	396	565	10	10	0	0	60s	100	1	6308
g	378	565	10	10	0	0	60s	100	1	6308
g	374	543	10	10	0	0	60s	100	1	6308
g	377	525	10	10	0	0	60s	100	1	6308
g	359	507	10	10	0	0	60s	100	1	6308
g	340	507	10	10	0	0	60s	100	1	6308
g	304	507	10	10	0	0	60s	100	1	6308
g	276	507	10	10	0	0	60s	100	1	6308
g	271	507	10	10	0	0	60s	100	1	6308
g	271	485	10	10	0	0	60s	100	1	6308
g	271	457	10	10	0	0	60s	100	1	6308
g	268	437	10	10	0	0	60s	100	1	6308
g	267	408	10	10	0	0	60s	100	1	6308
g	265	375	10	10	0	0	60s	100	1	6308
g	267	340	10	10	0	0	60s	100	1	6308
g	268	325	10	10	0	0	60s	100	1	6308
g	270	304	10	10	0	0	60s	100	1	6308
g	279	299	10	10	0	0	60s	100	1	6308
g	302	294	10	10	0	0	60s	100	1	6308
g	326	294	10	10	0	0	60s	100	1	6308
g	397	292	10	10	0	0	60s	100	1	6308
g	397	292	10	10	0	0	60s	100	1	6308
g	366	297	10	10	0	0	60s	100	1	6308
g	348	297	10	10	0	0	60s	100	1	6308
g	224	415	10	10	0	0	60s	100	1	6309
g	224	415	10	10	0	0	60s	100	1	6309
g	221	446	10	10	0	0	60s	100	1	6309
g	225	474	10	10	0	0	60s	100	1	6309
g	221	497	10	10	0	0	60s	100	1	6309
g	222	523	10	10	0	0	60s	100	1	6309
g	224	547	10	10	0	0	60s	100	1	6309
g	231	568	10	10	0	0	60s	100	1	6309
g	259	568	10	10	0	0	60s	100	1	6309
g	291	560	10	10	0	0	60s	100	1	6309
g	307	560	10	10	0	0	60s	100	1	6309
g	317	562	10	10	0	0	60s	100	1	6309
g	326	577	10	10	0	0	60s	100	1	6309
g	325	595	10	10	0	0	60s	100	1	6309
g	317	608	10	10	0	0	60s	100	1	6309
g	477	423	10	10	0	0	60s	100	1	6309
g	463	423	10	10	0	0	60s	100	1	6309
g	461	443	10	10	0	0	60s	100	1	6309
g	457	461	10	10	0	0	60s	100	1	6309
g	437	469	10	10	0	0	60s	100	1	6309
g	415	469	10	10	0	0	60s	100	1	6309
g	411	469	10	10	0	0	60s	100	1	6309
g	390	467	10	10	0	0	60s	100	1	6309
g	362	467	10	10	0	0	60s	100	1	6309
g	328	467	10	10	0	0	60s	100	1	6309
g	311	467	10	10	0	0	60s	100	1	6309
g	308	445	10	10	0	0	60s	100	1	6309
g	307	423	10	10	0	0	60s	100	1	6309
g	305	394	10	10	0	0	60s	100	1	6309
g	305	375	10	10	0	0	60s	100	1	6309
g	304	357	10	10	0	0	60s	100	1	6309
g	313	342	10	10	0	0	60s	100	1	6309
g	332	337	10	10	0	0	60s	100	1	6309
g	342	337	10	10	0	0	60s	100	1	6309
g	378	340	10	10	0	0	60s	100	1	6309
g	415	340	10	10	0	0	60s	100	1	6309
g	445	344	10	10	0	0	60s	100	1	6309
g	445	356	10	10	0	0	60s	100	1	6309
g	495	418	10	10	0	0	60s	100	1	6309
g	498	372	10	10	0	0	60s	100	1	6309
g	504	342	10	10	0	0	60s	100	1	6309
g	498	314	10	10	0	0	60s	100	1	6309
g	497	297	10	10	0	0	60s	100	1	6309
g	463	294	10	10	0	0	60s	100	1	6309
g	415	292	10	10	0	0	60s	100	1	6309
g	372	295	10	10	0	0	60s	100	1	6309
g	326	295	10	10	0	0	60s	100	1	6309
g	288	295	10	10	0	0	60s	100	1	6309
g	265	291	10	10	0	0	60s	100	1	6309
g	264	344	10	10	0	0	60s	100	1	6309
g	265	366	10	10	0	0	60s	100	1	6309
g	267	384	10	10	0	0	60s	100	1	6309
g	267	412	10	10	0	0	60s	100	1	6309
g	270	445	10	10	0	0	60s	100	1	6309
g	267	479	10	10	0	0	60s	100	1	6309
g	283	503	10	10	0	0	60s	100	1	6309
g	371	503	10	10	0	0	60s	100	1	6309
g	388	547	10	10	0	0	60s	100	1	6309
g	418	559	10	10	0	0	60s	100	1	6309
g	454	562	10	10	0	0	60s	100	1	6309
g	463	563	10	10	0	0	60s	100	1	6309
