r	123	304	10	10	0	0	5s	100	1	3982
r	118	329	10	10	0	0	5s	100	1	3982
r	128	320	10	10	0	0	5s	100	1	3982
r	152	301	10	10	0	0	5s	100	1	3982
r	158	341	10	10	0	0	5s	100	1	3982
r	133	348	10	10	0	0	5s	100	1	3982
r	146	318	10	10	0	0	5s	100	1	3982
r	154	377	10	10	0	0	5s	100	1	3982
r	196	259	10	10	0	0	5s	100	1	3982
r	241	183	10	10	0	0	5s	100	1	3982
r	233	210	10	10	0	0	5s	100	1	3982
r	257	230	10	10	0	0	5s	100	1	3982
r	275	240	10	10	0	0	5s	100	1	3982
r	260	200	10	10	0	0	5s	100	1	3982
r	272	168	10	10	0	0	5s	100	1	3982
r	294	200	10	10	0	0	5s	100	1	3982
r	269	218	10	10	0	0	5s	100	1	3982
r	273	187	10	10	0	0	5s	100	1	3982
r	231	346	10	10	0	0	5s	100	1	3982
r	212	400	10	10	0	0	5s	100	1	3982
r	215	428	10	10	0	0	5s	100	1	3982
r	226	401	10	10	0	0	5s	100	1	3982
r	306	416	10	10	0	0	5s	100	1	3982
r	318	430	10	10	0	0	5s	100	1	3982
r	328	411	10	10	0	0	5s	100	1	3982
r	336	367	10	10	0	0	5s	100	1	3982
r	330	307	10	10	0	0	5s	100	1	3982
r	335	330	10	10	0	0	5s	100	1	3982
r	353	309	10	10	0	0	5s	100	1	3982
r	354	324	10	10	0	0	5s	100	1	3982
r	371	348	10	10	0	0	5s	100	1	3982
r	380	311	10	10	0	0	5s	100	1	3982
r	386	329	10	10	0	0	5s	100	1	3982
r	350	223	10	10	0	0	5s	100	1	3982
r	323	208	10	10	0	0	5s	100	1	3982
r	387	213	10	10	0	0	5s	100	1	3982
r	428	204	10	10	0	0	5s	100	1	3982
r	403	221	10	10	0	0	5s	100	1	3982
r	420	225	10	10	0	0	5s	100	1	3982
r	435	259	10	10	0	0	5s	100	1	3982
r	451	280	10	10	0	0	5s	100	1	3982
r	486	317	10	10	0	0	5s	100	1	3982
r	467	331	10	10	0	0	5s	100	1	3982
r	484	339	10	10	0	0	5s	100	1	3982
r	452	364	10	10	0	0	5s	100	1	3982
r	410	363	10	10	0	0	5s	100	1	3982
r	433	382	10	10	0	0	5s	100	1	3982
r	420	392	10	10	0	0	5s	100	1	3982
r	470	399	10	10	0	0	5s	100	1	3982
r	464	412	10	10	0	0	5s	100	1	3982
r	479	410	10	10	0	0	5s	100	1	3982
r	244	256	10	10	0	0	5s	100	1	3982
r	171	284	10	10	0	0	5s	100	1	3982
r	216	367	10	10	0	0	5s	100	1	3982
r	250	294	10	10	0	0	5s	100	1	3982
r	359	261	10	10	0	0	5s	100	1	3982
r	360	407	10	10	0	0	5s	100	1	3982
r	386	400	10	10	0	0	5s	100	1	3982
r	261	385	10	10	0	0	5s	100	1	3982
r	287	392	10	10	0	0	5s	100	1	3982
r	249	323	10	10	0	0	5s	100	1	3982
r	142	334	10	10	0	0	5s	100	1	3982
r	851	242	10	10	0	0	5s	100	1	3982
r	838	242	10	10	0	0	5s	100	1	3982
r	822	276	10	10	0	0	5s	100	1	3982
r	833	315	10	10	0	0	5s	100	1	3982
r	845	296	10	10	0	0	5s	100	1	3982
r	849	330	10	10	0	0	5s	100	1	3982
r	803	350	10	10	0	0	5s	100	1	3982
r	792	378	10	10	0	0	5s	100	1	3982
r	789	399	10	10	0	0	5s	100	1	3982
r	813	373	10	10	0	0	5s	100	1	3982
r	831	361	10	10	0	0	5s	100	1	3982
r	845	385	10	10	0	0	5s	100	1	3982
r	864	396	10	10	0	0	5s	100	1	3982
r	897	402	10	10	0	0	5s	100	1	3982
r	926	404	10	10	0	0	5s	100	1	3982
r	938	418	10	10	0	0	5s	100	1	3982
r	935	376	10	10	0	0	5s	100	1	3982
r	913	343	10	10	0	0	5s	100	1	3982
r	931	359	10	10	0	0	5s	100	1	3982
r	947	339	10	10	0	0	5s	100	1	3982
r	928	325	10	10	0	0	5s	100	1	3982
r	913	300	10	10	0	0	5s	100	1	3982
r	936	285	10	10	0	0	5s	100	1	3982
r	942	305	10	10	0	0	5s	100	1	3982
r	967	324	10	10	0	0	5s	100	1	3982
r	933	250	10	10	0	0	5s	100	1	3982
r	913	224	10	10	0	0	5s	100	1	3982
r	930	211	10	10	0	0	5s	100	1	3982
r	951	229	10	10	0	0	5s	100	1	3982
r	966	200	10	10	0	0	5s	100	1	3982
r	986	180	10	10	0	0	5s	100	1	3982
r	1013	192	10	10	0	0	5s	100	1	3982
r	992	202	10	10	0	0	5s	100	1	3982
r	987	229	10	10	0	0	5s	100	1	3982
r	1016	247	10	10	0	0	5s	100	1	3982
r	1014	218	10	10	0	0	5s	100	1	3982
r	1007	232	10	10	0	0	5s	100	1	3982
r	1049	218	10	10	0	0	5s	100	1	3982
r	1110	202	10	10	0	0	5s	100	1	3982
r	1104	222	10	10	0	0	5s	100	1	3982
r	1126	214	10	10	0	0	5s	100	1	3982
r	1114	252	10	10	0	0	5s	100	1	3982
r	1078	210	10	10	0	0	5s	100	1	3982
r	1116	307	10	10	0	0	5s	100	1	3982
r	1112	333	10	10	0	0	5s	100	1	3982
r	1127	314	10	10	0	0	5s	100	1	3982
r	1071	314	10	10	0	0	5s	100	1	3982
r	1048	307	10	10	0	0	5s	100	1	3982
r	1039	327	10	10	0	0	5s	100	1	3982
r	1054	343	10	10	0	0	5s	100	1	3982
r	1055	321	10	10	0	0	5s	100	1	3982
r	1004	328	10	10	0	0	5s	100	1	3982
r	1016	370	10	10	0	0	5s	100	1	3982
r	1091	326	10	10	0	0	5s	100	1	3982
r	1022	406	10	10	0	0	5s	100	1	3982
r	986	430	10	10	0	0	5s	100	1	3982
r	1048	413	10	10	0	0	5s	100	1	3982
r	1065	412	10	10	0	0	5s	100	1	3982
r	1052	428	10	10	0	0	5s	100	1	3982
r	1116	441	10	10	0	0	5s	100	1	3982
r	1121	465	10	10	0	0	5s	100	1	3982
r	1135	448	10	10	0	0	5s	100	1	3982
r	1148	434	10	10	0	0	5s	100	1	3982
r	1145	463	10	10	0	0	5s	100	1	3982
r	1144	401	10	10	0	0	5s	100	1	3982
r	1133	366	10	10	0	0	5s	100	1	3982
r	561	772	10	10	0	0	5s	100	1	3985
r	567	794	10	10	0	0	5s	100	1	3985
r	579	765	10	10	0	0	5s	100	1	3985
r	594	753	10	10	0	0	5s	100	1	3985
r	592	787	10	10	0	0	5s	100	1	3985
r	309	894	10	10	0	0	5s	100	1	3985
r	341	868	10	10	0	0	5s	100	1	3985
r	349	910	10	10	0	0	5s	100	1	3985
r	388	854	10	10	0	0	5s	100	1	3985
r	419	841	10	10	0	0	5s	100	1	3985
r	426	884	10	10	0	0	5s	100	1	3985
r	417	950	10	10	0	0	5s	100	1	3985
r	446	936	10	10	0	0	5s	100	1	3985
r	431	920	10	10	0	0	5s	100	1	3985
r	344	994	10	10	0	0	5s	100	1	3985
r	386	975	10	10	0	0	5s	100	1	3985
r	378	1007	10	10	0	0	5s	100	1	3985
r	399	1036	10	10	0	0	5s	100	1	3985
r	415	1020	10	10	0	0	5s	100	1	3985
r	455	1004	10	10	0	0	5s	100	1	3985
r	472	1040	10	10	0	0	5s	100	1	3985
r	507	1054	10	10	0	0	5s	100	1	3985
r	503	1020	10	10	0	0	5s	100	1	3985
r	533	991	10	10	0	0	5s	100	1	3985
r	542	1025	10	10	0	0	5s	100	1	3985
r	563	1042	10	10	0	0	5s	100	1	3985
r	563	1004	10	10	0	0	5s	100	1	3985
r	582	1029	10	10	0	0	5s	100	1	3985
r	627	1022	10	10	0	0	5s	100	1	3985
r	654	998	10	10	0	0	5s	100	1	3985
r	683	974	10	10	0	0	5s	100	1	3985
r	586	962	10	10	0	0	5s	100	1	3985
r	635	935	10	10	0	0	5s	100	1	3985
r	614	897	10	10	0	0	5s	100	1	3985
r	646	900	10	10	0	0	5s	100	1	3985
r	623	872	10	10	0	0	5s	100	1	3985
r	583	869	10	10	0	0	5s	100	1	3985
r	545	881	10	10	0	0	5s	100	1	3985
r	501	879	10	10	0	0	5s	100	1	3985
r	492	852	10	10	0	0	5s	100	1	3985
r	532	833	10	10	0	0	5s	100	1	3985
r	526	861	10	10	0	0	5s	100	1	3985
r	557	855	10	10	0	0	5s	100	1	3985
r	513	928	10	10	0	0	5s	100	1	3985
r	506	969	10	10	0	0	5s	100	1	3985
r	455	843	10	10	0	0	5s	100	1	3985
r	636	818	10	10	0	0	5s	100	1	3985
r	656	826	10	10	0	0	5s	100	1	3985
r	650	857	10	10	0	0	5s	100	1	3985
r	507	991	10	10	0	0	5s	100	1	3985
r	339	889	10	10	0	0	5s	100	1	3985
r	360	987	10	10	0	0	5s	100	1	3985
