r	239	199	10	10	0	0	5s	100	1	3980
r	235	220	10	10	0	0	5s	100	1	3980
r	252	245	10	10	0	0	5s	100	1	3980
r	276	231	10	10	0	0	5s	100	1	3980
r	252	216	10	10	0	0	5s	100	1	3980
r	267	198	10	10	0	0	5s	100	1	3980
r	251	290	10	10	0	0	5s	100	1	3980
r	232	343	10	10	0	0	5s	100	1	3980
r	212	404	10	10	0	0	5s	100	1	3980
r	212	425	10	10	0	0	5s	100	1	3980
r	229	402	10	10	0	0	5s	100	1	3980
r	267	381	10	10	0	0	5s	100	1	3980
r	299	415	10	10	0	0	5s	100	1	3980
r	311	387	10	10	0	0	5s	100	1	3980
r	327	396	10	10	0	0	5s	100	1	3980
r	315	412	10	10	0	0	5s	100	1	3980
r	363	412	10	10	0	0	5s	100	1	3980
r	436	398	10	10	0	0	5s	100	1	3980
r	461	418	10	10	0	0	5s	100	1	3980
r	484	420	10	10	0	0	5s	100	1	3980
r	461	395	10	10	0	0	5s	100	1	3980
r	467	376	10	10	0	0	5s	100	1	3980
r	477	401	10	10	0	0	5s	100	1	3980
r	443	380	10	10	0	0	5s	100	1	3980
r	403	363	10	10	0	0	5s	100	1	3980
r	459	334	10	10	0	0	5s	100	1	3980
r	480	323	10	10	0	0	5s	100	1	3980
r	444	279	10	10	0	0	5s	100	1	3980
r	416	236	10	10	0	0	5s	100	1	3980
r	415	220	10	10	0	0	5s	100	1	3980
r	381	203	10	10	0	0	5s	100	1	3980
r	320	206	10	10	0	0	5s	100	1	3980
r	349	243	10	10	0	0	5s	100	1	3980
r	359	274	10	10	0	0	5s	100	1	3980
r	349	309	10	10	0	0	5s	100	1	3980
r	334	317	10	10	0	0	5s	100	1	3980
r	346	336	10	10	0	0	5s	100	1	3980
r	362	353	10	10	0	0	5s	100	1	3980
r	382	326	10	10	0	0	5s	100	1	3980
r	363	302	10	10	0	0	5s	100	1	3980
r	367	334	10	10	0	0	5s	100	1	3980
r	355	321	10	10	0	0	5s	100	1	3980
r	323	307	10	10	0	0	5s	100	1	3980
r	136	312	10	10	0	0	5s	100	1	3980
r	126	327	10	10	0	0	5s	100	1	3980
r	145	346	10	10	0	0	5s	100	1	3980
r	143	325	10	10	0	0	5s	100	1	3980
r	155	305	10	10	0	0	5s	100	1	3980
r	162	334	10	10	0	0	5s	100	1	3980
r	164	352	10	10	0	0	5s	100	1	3980
r	150	395	10	10	0	0	5s	100	1	3980
r	171	274	10	10	0	0	5s	100	1	3980
r	192	255	10	10	0	0	5s	100	1	3980
r	227	251	10	10	0	0	5s	100	1	3980
r	404	402	10	10	0	0	5s	100	1	3980
r	249	316	10	10	0	0	5s	100	1	3980
r	802	371	10	10	0	0	5s	100	1	3980
r	791	402	10	10	0	0	5s	100	1	3980
r	815	383	10	10	0	0	5s	100	1	3980
r	866	397	10	10	0	0	5s	100	1	3980
r	910	390	10	10	0	0	5s	100	1	3980
r	936	361	10	10	0	0	5s	100	1	3980
r	934	384	10	10	0	0	5s	100	1	3980
r	856	341	10	10	0	0	5s	100	1	3980
r	829	294	10	10	0	0	5s	100	1	3980
r	837	303	10	10	0	0	5s	100	1	3980
r	923	219	10	10	0	0	5s	100	1	3980
r	940	231	10	10	0	0	5s	100	1	3980
r	972	176	10	10	0	0	5s	100	1	3980
r	959	203	10	10	0	0	5s	100	1	3980
r	985	221	10	10	0	0	5s	100	1	3980
r	969	229	10	10	0	0	5s	100	1	3980
r	994	195	10	10	0	0	5s	100	1	3980
r	1017	235	10	10	0	0	5s	100	1	3980
r	1002	215	10	10	0	0	5s	100	1	3980
r	1084	213	10	10	0	0	5s	100	1	3980
r	1114	242	10	10	0	0	5s	100	1	3980
r	1108	219	10	10	0	0	5s	100	1	3980
r	1064	326	10	10	0	0	5s	100	1	3980
r	1021	397	10	10	0	0	5s	100	1	3980
r	1090	434	10	10	0	0	5s	100	1	3980
r	1110	452	10	10	0	0	5s	100	1	3980
r	1114	473	10	10	0	0	5s	100	1	3980
r	1141	470	10	10	0	0	5s	100	1	3980
r	1120	433	10	10	0	0	5s	100	1	3980
r	1123	454	10	10	0	0	5s	100	1	3980
r	1138	434	10	10	0	0	5s	100	1	3980
r	1150	451	10	10	0	0	5s	100	1	3980
r	960	190	10	10	0	0	5s	100	1	3980
r	923	298	10	10	0	0	5s	100	1	3980
r	918	320	10	10	0	0	5s	100	1	3980
r	924	337	10	10	0	0	5s	100	1	3980
r	961	334	10	10	0	0	5s	100	1	3980
r	936	306	10	10	0	0	5s	100	1	3980
r	943	319	10	10	0	0	5s	100	1	3980
r	933	257	10	10	0	0	5s	100	1	3980
r	988	325	10	10	0	0	5s	100	1	3980
r	1098	311	10	10	0	0	5s	100	1	3980
r	1100	330	10	10	0	0	5s	100	1	3980
r	1132	308	10	10	0	0	5s	100	1	3980
r	1110	314	10	10	0	0	5s	100	1	3980
r	1121	332	10	10	0	0	5s	100	1	3980
r	1118	317	10	10	0	0	5s	100	1	3980
r	1051	311	10	10	0	0	5s	100	1	3980
r	1045	319	10	10	0	0	5s	100	1	3980
r	792	388	10	10	0	0	5s	100	1	3980
r	981	187	10	10	0	0	5s	100	1	3980
r	907	215	10	10	0	0	5s	100	1	3980
r	1136	370	10	10	0	0	5s	100	1	3980
r	1145	398	10	10	0	0	5s	100	1	3980
r	829	254	10	10	0	0	5s	100	1	3980
r	1020	350	10	10	0	0	5s	100	1	3980
r	841	370	10	10	0	0	5s	100	1	3980
r	1053	410	10	10	0	0	5s	100	1	3980
r	509	843	10	10	0	0	5s	100	1	3981
r	498	866	10	10	0	0	5s	100	1	3981
r	515	895	10	10	0	0	5s	100	1	3981
r	546	879	10	10	0	0	5s	100	1	3981
r	539	839	10	10	0	0	5s	100	1	3981
r	521	859	10	10	0	0	5s	100	1	3981
r	538	862	10	10	0	0	5s	100	1	3981
r	559	793	10	10	0	0	5s	100	1	3981
r	583	750	10	10	0	0	5s	100	1	3981
r	586	776	10	10	0	0	5s	100	1	3981
r	617	800	10	10	0	0	5s	100	1	3981
r	648	831	10	10	0	0	5s	100	1	3981
r	631	877	10	10	0	0	5s	100	1	3981
r	583	872	10	10	0	0	5s	100	1	3981
r	545	997	10	10	0	0	5s	100	1	3981
r	497	998	10	10	0	0	5s	100	1	3981
r	513	998	10	10	0	0	5s	100	1	3981
r	491	1032	10	10	0	0	5s	100	1	3981
r	506	1052	10	10	0	0	5s	100	1	3981
r	524	1016	10	10	0	0	5s	100	1	3981
r	544	1045	10	10	0	0	5s	100	1	3981
r	551	1013	10	10	0	0	5s	100	1	3981
r	500	1017	10	10	0	0	5s	100	1	3981
r	344	988	10	10	0	0	5s	100	1	3981
r	371	991	10	10	0	0	5s	100	1	3981
r	393	1023	10	10	0	0	5s	100	1	3981
r	398	968	10	10	0	0	5s	100	1	3981
r	435	922	10	10	0	0	5s	100	1	3981
r	419	920	10	10	0	0	5s	100	1	3981
r	420	853	10	10	0	0	5s	100	1	3981
r	399	845	10	10	0	0	5s	100	1	3981
r	334	872	10	10	0	0	5s	100	1	3981
r	466	844	10	10	0	0	5s	100	1	3981
r	632	925	10	10	0	0	5s	100	1	3981
r	583	961	10	10	0	0	5s	100	1	3981
r	582	1017	10	10	0	0	5s	100	1	3981
r	625	1021	10	10	0	0	5s	100	1	3981
r	679	970	10	10	0	0	5s	100	1	3981
r	514	935	10	10	0	0	5s	100	1	3981
r	624	895	10	10	0	0	5s	100	1	3981
r	653	870	10	10	0	0	5s	100	1	3981
r	557	849	10	10	0	0	5s	100	1	3981
r	426	884	10	10	0	0	5s	100	1	3981
r	441	1005	10	10	0	0	5s	100	1	3981
r	475	1026	10	10	0	0	5s	100	1	3981
r	605	879	10	10	0	0	5s	100	1	3981
r	594	760	10	10	0	0	5s	100	1	3981
r	313	902	10	10	0	0	5s	100	1	3981
r	338	900	10	10	0	0	5s	100	1	3981
r	625	996	10	10	0	0	5s	100	1	3981
